   4.0214152e+00   9.3946126e-01
   7.7352240e-01   2.7937632e+00
   5.0320492e-01   2.3873874e+00
   2.9491255e+00   1.3665385e+00
   6.0590437e-01   2.3516903e+00
   4.9062347e-01   2.1532579e+00
   6.2612156e+00   2.7174580e+00
   5.7333733e+00   1.8229129e+00
   1.6462936e+00   2.1302766e+00
   3.7278597e+00   2.6357261e+00
   4.0161249e+00   2.2469410e+00
   5.6564517e-01   3.0524864e+00
   3.8481670e+00   2.4888556e+00
   1.8201718e+00   2.4300598e+00
   3.2921683e+00   7.0714692e-01
   3.7176399e+00   3.9502839e-01
   4.7259308e+00   8.6491657e-01
   1.7342086e+00   1.3278005e+00
   3.2964167e+00   2.0966264e+00
   1.6416240e+00   5.3158563e-01
