% Freq(Hz) h_c
7.9697723e-11 3.2777118e-14
1.5939545e-10 1.1611648e-14
2.3909317e-10 6.3416756e-15
3.1879089e-10 4.1383050e-15
3.9848861e-10 2.9789578e-15
4.7818634e-10 2.2828670e-15
5.5788406e-10 1.8273889e-15
6.3758178e-10 1.5107666e-15
7.1727951e-10 1.2805845e-15
7.9697723e-10 1.1073853e-15
8.7667495e-10 9.7347667e-16
9.5637267e-10 8.6766027e-16
1.0360704e-09 7.8254097e-16
1.1157681e-09 7.1306083e-16
1.1954658e-09 6.5565730e-16
1.2751636e-09 6.0775758e-16
1.3548613e-09 5.6746341e-16
1.4345590e-09 5.3334806e-16
1.5142567e-09 5.0432177e-16
1.5939545e-09 4.7954054e-16
1.6736522e-09 4.5834269e-16
1.7533499e-09 4.4020404e-16
1.8330476e-09 4.2470564e-16
1.9127453e-09 4.1151013e-16
1.9924431e-09 4.0034429e-16
2.0721408e-09 3.9098583e-16
2.1518385e-09 3.8325341e-16
2.2315362e-09 3.7699898e-16
2.3112340e-09 3.7210177e-16
2.3909317e-09 3.6846366e-16
2.4706294e-09 3.6600540e-16
2.5503271e-09 3.6466372e-16
2.6300249e-09 3.6438881e-16
2.7097226e-09 3.6514239e-16
2.7894203e-09 3.6689594e-16
2.8691180e-09 3.6962929e-16
2.9488157e-09 3.7332921e-16
3.0285135e-09 3.7798817e-16
3.1082112e-09 3.8360311e-16
3.1879089e-09 3.9017409e-16
3.2676066e-09 3.9770295e-16
3.3473044e-09 4.0619180e-16
3.4270021e-09 4.1564134e-16
3.5066998e-09 4.2604895e-16
3.5863975e-09 4.3740671e-16
3.6660953e-09 4.4969908e-16
3.7457930e-09 4.6290062e-16
3.8254907e-09 4.7697359e-16
3.9051884e-09 4.9186583e-16
3.9848861e-09 5.0750896e-16
4.0645839e-09 5.2381724e-16
4.1442816e-09 5.4068754e-16
4.2239793e-09 5.5800050e-16
4.3036770e-09 5.7562328e-16
4.3833748e-09 5.9341409e-16
4.4630725e-09 6.1122813e-16
4.5427702e-09 6.2892492e-16
4.6224679e-09 6.4637624e-16
4.7021656e-09 6.6347395e-16
4.7818634e-09 6.8013677e-16
4.8615611e-09 6.9631531e-16
4.9412588e-09 7.1199473e-16
5.0209565e-09 7.2719472e-16
5.1006543e-09 7.4196706e-16
5.1803520e-09 7.5639100e-16
5.2600497e-09 7.7056727e-16
5.3397474e-09 7.8461126e-16
5.4194452e-09 7.9864609e-16
5.4991429e-09 8.1279608e-16
5.5788406e-09 8.2718086e-16
5.6585383e-09 8.4191044e-16
5.7382360e-09 8.5708110e-16
5.8179338e-09 8.7277225e-16
5.8976315e-09 8.8904395e-16
5.9773292e-09 9.0593523e-16
6.0570269e-09 9.2346297e-16
6.1367247e-09 9.4162138e-16
6.2164224e-09 9.6038225e-16
6.2961201e-09 9.7969573e-16
6.3758178e-09 9.9949211e-16
6.4555156e-09 1.0196844e-15
6.5352133e-09 1.0401717e-15
6.6149110e-09 1.0608439e-15
6.6946087e-09 1.0815869e-15
6.7743064e-09 1.1022883e-15
6.8540042e-09 1.1228437e-15
6.9337019e-09 1.1431624e-15
7.0133996e-09 1.1631729e-15
7.0930973e-09 1.1828270e-15
7.1727951e-09 1.2021026e-15
7.2524928e-09 1.2210044e-15
7.3321905e-09 1.2395638e-15
7.4118882e-09 1.2578357e-15
7.4915859e-09 1.2758956e-15
7.5712837e-09 1.2938343e-15
7.6509814e-09 1.3117526e-15
7.7306791e-09 1.3297555e-15
7.8103768e-09 1.3479470e-15
7.8900746e-09 1.3664246e-15
7.9697723e-09 1.3852749e-15
8.0494700e-09 1.4045698e-15
8.1291677e-09 1.4243629e-15
8.2088655e-09 1.4446882e-15
8.2885632e-09 1.4655579e-15
8.3682609e-09 1.4869624e-15
8.4479586e-09 1.5088706e-15
8.5276563e-09 1.5312314e-15
8.6073541e-09 1.5539757e-15
8.6870518e-09 1.5770200e-15
8.7667495e-09 1.6002701e-15
8.8464472e-09 1.6236261e-15
8.9261450e-09 1.6469871e-15
9.0058427e-09 1.6702573e-15
9.0855404e-09 1.6933509e-15
9.1652381e-09 1.7161972e-15
9.2449359e-09 1.7387442e-15
9.3246336e-09 1.7609624e-15
9.4043313e-09 1.7828455e-15
9.4840290e-09 1.8044112e-15
9.5637267e-09 1.8256997e-15
9.6434245e-09 1.8467711e-15
9.7231222e-09 1.8677017e-15
9.8028199e-09 1.8885796e-15
9.8825176e-09 1.9094995e-15
9.9622154e-09 1.9305576e-15
1.0041913e-08 1.9518465e-15
1.0121611e-08 1.9734506e-15
1.0201309e-08 1.9954417e-15
1.0281006e-08 2.0178756e-15
1.0360704e-08 2.0407898e-15
1.0440402e-08 2.0642011e-15
1.0520099e-08 2.0881056e-15
1.0599797e-08 2.1124783e-15
1.0679495e-08 2.1372748e-15
1.0759193e-08 2.1624330e-15
1.0838890e-08 2.1878762e-15
1.0918588e-08 2.2135172e-15
1.0998286e-08 2.2392629e-15
1.1077983e-08 2.2650185e-15
1.1157681e-08 2.2906936e-15
1.1237379e-08 2.3162065e-15
1.1317077e-08 2.3414892e-15
1.1396774e-08 2.3664911e-15
1.1476472e-08 2.3911820e-15
1.1556170e-08 2.4155537e-15
1.1635868e-08 2.4396206e-15
1.1715565e-08 2.4634185e-15
1.1795263e-08 2.4870025e-15
1.1874961e-08 2.5104438e-15
1.1954658e-08 2.5338256e-15
1.2034356e-08 2.5572381e-15
1.2114054e-08 2.5807740e-15
1.2193752e-08 2.6045231e-15
1.2273449e-08 2.6285677e-15
1.2353147e-08 2.6529784e-15
1.2432845e-08 2.6778106e-15
1.2512542e-08 2.7031017e-15
1.2592240e-08 2.7288689e-15
1.2671938e-08 2.7551088e-15
1.2751636e-08 2.7817974e-15
1.2831333e-08 2.8088912e-15
1.2911031e-08 2.8363291e-15
1.2990729e-08 2.8640360e-15
1.3070427e-08 2.8919262e-15
1.3150124e-08 2.9199080e-15
1.3229822e-08 2.9478887e-15
1.3309520e-08 2.9757795e-15
1.3389217e-08 3.0035006e-15
1.3468915e-08 3.0309857e-15
1.3548613e-08 3.0581857e-15
1.3628311e-08 3.0850716e-15
1.3708008e-08 3.1116362e-15
1.3787706e-08 3.1378944e-15
1.3867404e-08 3.1638826e-15
1.3947101e-08 3.1896562e-15
1.4026799e-08 3.2152868e-15
1.4106497e-08 3.2408579e-15
1.4186195e-08 3.2664602e-15
1.4265892e-08 3.2921868e-15
1.4345590e-08 3.3181280e-15
1.4425288e-08 3.3443666e-15
1.4504986e-08 3.3709734e-15
1.4584683e-08 3.3980038e-15
1.4664381e-08 3.4254945e-15
1.4744079e-08 3.4534619e-15
1.4823776e-08 3.4819010e-15
1.4903474e-08 3.5107858e-15
1.4983172e-08 3.5400701e-15
1.5062870e-08 3.5696901e-15
1.5142567e-08 3.5995675e-15
1.5222265e-08 3.6296136e-15
1.5301963e-08 3.6597337e-15
1.5381661e-08 3.6898327e-15
1.5461358e-08 3.7198196e-15
1.5541056e-08 3.7496133e-15
1.5620754e-08 3.7791469e-15
1.5700451e-08 3.8083712e-15
1.5780149e-08 3.8372584e-15
1.5859847e-08 3.8658033e-15
1.5939545e-08 3.8940235e-15
1.6019242e-08 3.9219592e-15
1.6098940e-08 3.9496700e-15
1.6178638e-08 3.9772326e-15
1.6258335e-08 4.0047355e-15
1.6338033e-08 4.0322750e-15
1.6417731e-08 4.0599497e-15
1.6497429e-08 4.0878546e-15
1.6577126e-08 4.1160769e-15
1.6656824e-08 4.1446907e-15
1.6736522e-08 4.1737533e-15
1.6816220e-08 4.2033019e-15
1.6895917e-08 4.2333521e-15
1.6975615e-08 4.2638960e-15
1.7055313e-08 4.2949033e-15
1.7135010e-08 4.3263221e-15
1.7214708e-08 4.3580815e-15
1.7294406e-08 4.3900952e-15
1.7374104e-08 4.4222660e-15
1.7453801e-08 4.4544906e-15
1.7533499e-08 4.4866653e-15
1.7613197e-08 4.5186919e-15
1.7692894e-08 4.5504828e-15
1.7772592e-08 4.5819667e-15
1.7852290e-08 4.6130920e-15
1.7931988e-08 4.6438305e-15
1.8011685e-08 4.6741793e-15
1.8091383e-08 4.7041606e-15
1.8171081e-08 4.7338215e-15
1.8250779e-08 4.7632307e-15
1.8330476e-08 4.7924752e-15
1.8410174e-08 4.8216559e-15
1.8489872e-08 4.8508814e-15
1.8569569e-08 4.8802627e-15
1.8649267e-08 4.9099068e-15
1.8728965e-08 4.9399114e-15
1.8808663e-08 4.9703591e-15
1.8888360e-08 5.0013134e-15
1.8968058e-08 5.0328146e-15
1.9047756e-08 5.0648780e-15
1.9127453e-08 5.0974924e-15
1.9207151e-08 5.1306202e-15
1.9286849e-08 5.1641993e-15
1.9366547e-08 5.1981457e-15
1.9446244e-08 5.2323574e-15
1.9525942e-08 5.2667200e-15
1.9605640e-08 5.3011122e-15
1.9685338e-08 5.3354127e-15
1.9765035e-08 5.3695064e-15
1.9844733e-08 5.4032914e-15
1.9924431e-08 5.4366848e-15
2.0004128e-08 5.4696276e-15
2.0083826e-08 5.5020888e-15
2.0163524e-08 5.5340672e-15
2.0243222e-08 5.5655926e-15
2.0322919e-08 5.5967236e-15
2.0402617e-08 5.6275459e-15
2.0482315e-08 5.6581668e-15
2.0562012e-08 5.6887101e-15
2.0641710e-08 5.7193095e-15
2.0721408e-08 5.7501012e-15
2.0801106e-08 5.7812169e-15
2.0880803e-08 5.8127762e-15
2.0960501e-08 5.8448806e-15
2.1040199e-08 5.8776075e-15
2.1119897e-08 5.9110059e-15
2.1199594e-08 5.9450929e-15
2.1279292e-08 5.9798527e-15
2.1358990e-08 6.0152361e-15
2.1438687e-08 6.0511625e-15
2.1518385e-08 6.0875235e-15
2.1598083e-08 6.1241875e-15
2.1677781e-08 6.1610063e-15
2.1757478e-08 6.1978227e-15
2.1837176e-08 6.2344790e-15
2.1916874e-08 6.2708253e-15
2.1996572e-08 6.3067288e-15
2.2076269e-08 6.3420810e-15
2.2155967e-08 6.3768053e-15
2.2235665e-08 6.4108617e-15
2.2315362e-08 6.4442506e-15
2.2395060e-08 6.4770130e-15
2.2474758e-08 6.5092301e-15
2.2554456e-08 6.5410189e-15
2.2634153e-08 6.5725270e-15
2.2713851e-08 6.6039246e-15
2.2793549e-08 6.6353960e-15
2.2873246e-08 6.6671299e-15
2.2952944e-08 6.6993089e-15
2.3032642e-08 6.7321003e-15
2.3112340e-08 6.7656464e-15
2.3192037e-08 6.8000565e-15
2.3271735e-08 6.8354005e-15
2.3351433e-08 6.8717038e-15
2.3431131e-08 6.9089445e-15
2.3510828e-08 6.9470530e-15
2.3590526e-08 6.9859136e-15
2.3670224e-08 7.0253691e-15
2.3749921e-08 7.0652270e-15
2.3829619e-08 7.1052687e-15
2.3909317e-08 7.1452600e-15
2.3989015e-08 7.1849636e-15
2.4068712e-08 7.2241521e-15
2.4148410e-08 7.2626215e-15
2.4228108e-08 7.3002036e-15
2.4307805e-08 7.3367775e-15
2.4387503e-08 7.3722784e-15
2.4467201e-08 7.4067039e-15
2.4546899e-08 7.4401164e-15
2.4626596e-08 7.4726418e-15
2.4706294e-08 7.5044649e-15
2.4785992e-08 7.5358209e-15
2.4865690e-08 7.5669840e-15
2.4945387e-08 7.5982539e-15
2.5025085e-08 7.6299402e-15
2.5104783e-08 7.6623466e-15
2.5184480e-08 7.6957547e-15
2.5264178e-08 7.7304085e-15
2.5343876e-08 7.7665006e-15
2.5423574e-08 7.8041602e-15
2.5503271e-08 7.8434434e-15
2.5582969e-08 7.8843269e-15
2.5662667e-08 7.9267044e-15
2.5742364e-08 7.9703878e-15
2.5822062e-08 8.0151109e-15
2.5901760e-08 8.0605396e-15
2.5981458e-08 8.1062840e-15
2.6061155e-08 8.1519166e-15
2.6140853e-08 8.1969933e-15
2.6220551e-08 8.2410778e-15
2.6300249e-08 8.2837671e-15
2.6379946e-08 8.3247176e-15
2.6459644e-08 8.3636701e-15
2.6539342e-08 8.4004705e-15
2.6619039e-08 8.4350855e-15
2.6698737e-08 8.4676128e-15
2.6778435e-08 8.4982822e-15
2.6858133e-08 8.5274501e-15
2.6937830e-08 8.5555855e-15
2.7017528e-08 8.5832503e-15
2.7097226e-08 8.6110734e-15
2.7176923e-08 8.6397214e-15
2.7256621e-08 8.6698667e-15
2.7336319e-08 8.7021554e-15
2.7416017e-08 8.7371745e-15
2.7495714e-08 8.7754220e-15
2.7575412e-08 8.8172776e-15
2.7655110e-08 8.8629772e-15
2.7734808e-08 8.9125902e-15
2.7814505e-08 8.9660013e-15
2.7894203e-08 9.0228970e-15
2.7973901e-08 9.0827594e-15
2.8053598e-08 9.1448672e-15
2.8133296e-08 9.2083087e-15
2.8212994e-08 9.2720061e-15
2.8292692e-08 9.3347547e-15
2.8372389e-08 9.3952778e-15
2.8452087e-08 9.4522958e-15
2.8531785e-08 9.5046078e-15
2.8611483e-08 9.5511812e-15
2.8691180e-08 9.5912416e-15
2.8770878e-08 9.6243557e-15
2.8850576e-08 9.6504986e-15
2.8930273e-08 9.6700978e-15
2.9009971e-08 9.6840511e-15
2.9089669e-08 9.6937157e-15
2.9169367e-08 9.7008742e-15
2.9249064e-08 9.7076811e-15
2.9328762e-08 9.7166018e-15
2.9408460e-08 9.7303512e-15
2.9488157e-08 9.7518408e-15
2.9567855e-08 9.7841431e-15
2.9647553e-08 9.8304757e-15
2.9727251e-08 9.8942113e-15
2.9806948e-08 9.9789140e-15
2.9886646e-08 1.0088405e-14
2.9966344e-08 1.0226858e-14
3.0046042e-08 1.0398938e-14
3.0125739e-08 1.0609972e-14
3.0205437e-08 1.0866191e-14
3.0285135e-08 1.1175038e-14
3.0364832e-08 1.1545584e-14
3.0444530e-08 1.1989105e-14
3.0524228e-08 1.2519876e-14
3.0603926e-08 1.3156316e-14
3.0683623e-08 1.3922665e-14
3.0763321e-08 1.4851524e-14
3.0843019e-08 1.5987816e-14
3.0922716e-08 1.7395227e-14
3.1002414e-08 1.9167106e-14
3.1082112e-08 2.1445970e-14
3.1161810e-08 2.4460683e-14
3.1241507e-08 2.8603373e-14
3.1321205e-08 3.4606351e-14
3.1400903e-08 4.4012733e-14
3.1480601e-08 6.0727153e-14
3.1560298e-08 9.8330105e-14
3.1639996e-08 2.5883130e-13
3.1719694e-08 4.1371954e-13
3.1799391e-08 1.1577305e-13
3.1879089e-08 6.7731577e-14
3.1958787e-08 4.8160238e-14
3.2038485e-08 3.7585957e-14
3.2118182e-08 3.0998777e-14
3.2197880e-08 2.6527225e-14
3.2277578e-08 2.3313606e-14
3.2357275e-08 2.0909535e-14
3.2436973e-08 1.9057885e-14
3.2516671e-08 1.7600709e-14
3.2596369e-08 1.6435678e-14
3.2676066e-08 1.5493622e-14
3.2755764e-08 1.4726135e-14
3.2835462e-08 1.4098338e-14
3.2915160e-08 1.3584472e-14
3.2994857e-08 1.3165087e-14
3.3074555e-08 1.2825200e-14
3.3154253e-08 1.2553045e-14
3.3233950e-08 1.2339206e-14
3.3313648e-08 1.2175988e-14
3.3393346e-08 1.2056967e-14
3.3473044e-08 1.1976646e-14
3.3552741e-08 1.1930194e-14
3.3632439e-08 1.1913250e-14
3.3712137e-08 1.1921766e-14
3.3791834e-08 1.1951898e-14
3.3871532e-08 1.1999924e-14
3.3951230e-08 1.2062201e-14
3.4030928e-08 1.2135156e-14
3.4110625e-08 1.2215296e-14
3.4190323e-08 1.2299267e-14
3.4270021e-08 1.2383916e-14
3.4349719e-08 1.2466388e-14
3.4429416e-08 1.2544215e-14
3.4509114e-08 1.2615406e-14
3.4588812e-08 1.2678519e-14
3.4668509e-08 1.2732701e-14
3.4748207e-08 1.2777690e-14
3.4827905e-08 1.2813788e-14
3.4907603e-08 1.2841788e-14
3.4987300e-08 1.2862883e-14
3.5066998e-08 1.2878555e-14
3.5146696e-08 1.2890459e-14
3.5226394e-08 1.2900311e-14
3.5306091e-08 1.2909787e-14
3.5385789e-08 1.2920440e-14
3.5465487e-08 1.2933636e-14
3.5545184e-08 1.2950507e-14
3.5624882e-08 1.2971922e-14
3.5704580e-08 1.2998469e-14
3.5784278e-08 1.3030462e-14
3.5863975e-08 1.3067940e-14
3.5943673e-08 1.3110689e-14
3.6023371e-08 1.3158267e-14
3.6103068e-08 1.3210036e-14
3.6182766e-08 1.3265195e-14
3.6262464e-08 1.3322828e-14
3.6342162e-08 1.3381949e-14
3.6421859e-08 1.3441548e-14
3.6501557e-08 1.3500646e-14
3.6581255e-08 1.3558342e-14
3.6660953e-08 1.3613856e-14
3.6740650e-08 1.3666568e-14
3.6820348e-08 1.3716045e-14
3.6900046e-08 1.3762058e-14
3.6979743e-08 1.3804584e-14
3.7059441e-08 1.3843802e-14
3.7139139e-08 1.3880069e-14
3.7218837e-08 1.3913892e-14
3.7298534e-08 1.3945890e-14
3.7378232e-08 1.3976756e-14
3.7457930e-08 1.4007215e-14
3.7537627e-08 1.4037979e-14
3.7617325e-08 1.4069716e-14
3.7697023e-08 1.4103013e-14
3.7776721e-08 1.4138353e-14
3.7856418e-08 1.4176093e-14
3.7936116e-08 1.4216457e-14
3.8015814e-08 1.4259526e-14
3.8095512e-08 1.4305241e-14
3.8175209e-08 1.4353413e-14
3.8254907e-08 1.4403735e-14
3.8334605e-08 1.4455800e-14
3.8414302e-08 1.4509128e-14
3.8494000e-08 1.4563189e-14
3.8573698e-08 1.4617432e-14
3.8653396e-08 1.4671318e-14
3.8733093e-08 1.4724343e-14
3.8812791e-08 1.4776070e-14
3.8892489e-08 1.4826148e-14
3.8972186e-08 1.4874330e-14
3.9051884e-08 1.4920485e-14
3.9131582e-08 1.4964601e-14
3.9211280e-08 1.5006784e-14
3.9290977e-08 1.5047246e-14
3.9370675e-08 1.5086291e-14
3.9450373e-08 1.5124294e-14
3.9530071e-08 1.5161681e-14
3.9609768e-08 1.5198899e-14
3.9689466e-08 1.5236393e-14
3.9769164e-08 1.5274586e-14
3.9848861e-08 1.5313849e-14
3.9928559e-08 1.5354491e-14
4.0008257e-08 1.5396740e-14
4.0087955e-08 1.5440736e-14
4.0167652e-08 1.5486523e-14
4.0247350e-08 1.5534054e-14
4.0327048e-08 1.5583190e-14
4.0406745e-08 1.5633714e-14
4.0486443e-08 1.5685339e-14
4.0566141e-08 1.5737731e-14
4.0645839e-08 1.5790521e-14
4.0725536e-08 1.5843328e-14
4.0805234e-08 1.5895780e-14
4.0884932e-08 1.5947536e-14
4.0964630e-08 1.5998299e-14
4.1044327e-08 1.6047838e-14
4.1124025e-08 1.6095995e-14
4.1203723e-08 1.6142696e-14
4.1283420e-08 1.6187951e-14
4.1363118e-08 1.6231853e-14
4.1442816e-08 1.6274573e-14
4.1522514e-08 1.6316345e-14
4.1602211e-08 1.6357454e-14
4.1681909e-08 1.6398218e-14
4.1761607e-08 1.6438971e-14
4.1841304e-08 1.6480044e-14
4.1921002e-08 1.6521744e-14
4.2000700e-08 1.6564344e-14
4.2080398e-08 1.6608064e-14
4.2160095e-08 1.6653061e-14
4.2239793e-08 1.6699425e-14
4.2319491e-08 1.6747171e-14
4.2399189e-08 1.6796243e-14
4.2478886e-08 1.6846515e-14
4.2558584e-08 1.6897802e-14
4.2638282e-08 1.6949866e-14
4.2717979e-08 1.7002435e-14
4.2797677e-08 1.7055212e-14
4.2877375e-08 1.7107897e-14
4.2957073e-08 1.7160200e-14
4.3036770e-08 1.7211858e-14
4.3116468e-08 1.7262648e-14
4.3196166e-08 1.7312401e-14
4.3275864e-08 1.7361012e-14
4.3355561e-08 1.7408442e-14
4.3435259e-08 1.7454719e-14
4.3514957e-08 1.7499942e-14
4.3594654e-08 1.7544265e-14
4.3674352e-08 1.7587897e-14
4.3754050e-08 1.7631083e-14
4.3833748e-08 1.7674091e-14
4.3913445e-08 1.7717201e-14
4.3993143e-08 1.7760685e-14
4.4072841e-08 1.7804792e-14
4.4152538e-08 1.7849740e-14
4.4232236e-08 1.7895697e-14
4.4311934e-08 1.7942780e-14
4.4391632e-08 1.7991044e-14
4.4471329e-08 1.8040481e-14
4.4551027e-08 1.8091024e-14
4.4630725e-08 1.8142546e-14
4.4710423e-08 1.8194871e-14
4.4790120e-08 1.8247781e-14
4.4869818e-08 1.8301032e-14
4.4949516e-08 1.8354362e-14
4.5029213e-08 1.8407512e-14
4.5108911e-08 1.8460234e-14
4.5188609e-08 1.8512308e-14
4.5268307e-08 1.8563555e-14
4.5348004e-08 1.8613844e-14
4.5427702e-08 1.8663101e-14
4.5507400e-08 1.8711314e-14
4.5587097e-08 1.8758531e-14
4.5666795e-08 1.8804856e-14
4.5746493e-08 1.8850447e-14
4.5826191e-08 1.8895503e-14
4.5905888e-08 1.8940255e-14
4.5985586e-08 1.8984951e-14
4.6065284e-08 1.9029842e-14
4.6144982e-08 1.9075171e-14
4.6224679e-08 1.9121156e-14
4.6304377e-08 1.9167983e-14
4.6384075e-08 1.9215789e-14
4.6463772e-08 1.9264664e-14
4.6543470e-08 1.9314636e-14
4.6623168e-08 1.9365680e-14
4.6702866e-08 1.9417712e-14
4.6782563e-08 1.9470597e-14
4.6862261e-08 1.9524156e-14
4.6941959e-08 1.9578173e-14
4.7021656e-08 1.9632412e-14
4.7101354e-08 1.9686626e-14
4.7181052e-08 1.9740573e-14
4.7260750e-08 1.9794025e-14
4.7340447e-08 1.9846787e-14
4.7420145e-08 1.9898705e-14
4.7499843e-08 1.9949671e-14
4.7579541e-08 1.9999638e-14
4.7659238e-08 2.0048612e-14
4.7738936e-08 2.0096660e-14
4.7818634e-08 2.0143904e-14
4.7898331e-08 2.0190510e-14
4.7978029e-08 2.0236685e-14
4.8057727e-08 2.0282660e-14
4.8137425e-08 2.0328679e-14
4.8217122e-08 2.0374989e-14
4.8296820e-08 2.0421820e-14
4.8376518e-08 2.0469376e-14
4.8456215e-08 2.0517825e-14
4.8535913e-08 2.0567287e-14
4.8615611e-08 2.0617830e-14
4.8695309e-08 2.0669464e-14
4.8775006e-08 2.0722142e-14
4.8854704e-08 2.0775761e-14
4.8934402e-08 2.0830168e-14
4.9014100e-08 2.0885170e-14
4.9093797e-08 2.0940541e-14
4.9173495e-08 2.0996035e-14
4.9253193e-08 2.1051401e-14
4.9332890e-08 2.1106397e-14
4.9412588e-08 2.1160802e-14
4.9492286e-08 2.1214427e-14
4.9571984e-08 2.1267131e-14
4.9651681e-08 2.1318824e-14
4.9731379e-08 2.1369476e-14
4.9811077e-08 2.1419116e-14
4.9890775e-08 2.1467834e-14
4.9970472e-08 2.1515774e-14
5.0050170e-08 2.1563124e-14
5.0129868e-08 2.1610112e-14
5.0209565e-08 2.1656988e-14
5.0289263e-08 2.1704011e-14
5.0368961e-08 2.1751438e-14
5.0448659e-08 2.1799504e-14
5.0528356e-08 2.1848417e-14
5.0608054e-08 2.1898339e-14
5.0687752e-08 2.1949380e-14
5.0767449e-08 2.2001593e-14
5.0847147e-08 2.2054968e-14
5.0926845e-08 2.2109434e-14
5.1006543e-08 2.2164861e-14
5.1086240e-08 2.2221068e-14
5.1165938e-08 2.2277830e-14
5.1245636e-08 2.2334892e-14
5.1325334e-08 2.2391979e-14
5.1405031e-08 2.2448818e-14
5.1484729e-08 2.2505145e-14
5.1564427e-08 2.2560725e-14
5.1644124e-08 2.2615365e-14
5.1723822e-08 2.2668924e-14
5.1803520e-08 2.2721322e-14
5.1883218e-08 2.2772546e-14
5.1962915e-08 2.2822650e-14
5.2042613e-08 2.2871757e-14
5.2122311e-08 2.2920046e-14
5.2202008e-08 2.2967748e-14
5.2281706e-08 2.3015133e-14
5.2361404e-08 2.3062492e-14
5.2441102e-08 2.3110126e-14
5.2520799e-08 2.3158325e-14
5.2600497e-08 2.3207356e-14
5.2680195e-08 2.3257445e-14
5.2759893e-08 2.3308765e-14
5.2839590e-08 2.3361426e-14
5.2919288e-08 2.3415471e-14
5.2998986e-08 2.3470867e-14
5.3078683e-08 2.3527509e-14
5.3158381e-08 2.3585225e-14
5.3238079e-08 2.3643782e-14
5.3317777e-08 2.3702898e-14
5.3397474e-08 2.3762257e-14
5.3477172e-08 2.3821526e-14
5.3556870e-08 2.3880372e-14
5.3636567e-08 2.3938480e-14
5.3716265e-08 2.3995575e-14
5.3795963e-08 2.4051432e-14
5.3875661e-08 2.4105896e-14
5.3955358e-08 2.4158888e-14
5.4035056e-08 2.4210414e-14
5.4114754e-08 2.4260564e-14
5.4194452e-08 2.4309511e-14
5.4274149e-08 2.4357500e-14
5.4353847e-08 2.4404840e-14
5.4433545e-08 2.4451882e-14
5.4513242e-08 2.4499008e-14
5.4592940e-08 2.4546604e-14
5.4672638e-08 2.4595040e-14
5.4752336e-08 2.4644655e-14
5.4832033e-08 2.4695729e-14
5.4911731e-08 2.4748476e-14
5.4991429e-08 2.4803022e-14
5.5071126e-08 2.4859405e-14
5.5150824e-08 2.4917560e-14
5.5230522e-08 2.4977332e-14
5.5310220e-08 2.5038469e-14
5.5389917e-08 2.5100643e-14
5.5469615e-08 2.5163458e-14
5.5549313e-08 2.5226475e-14
5.5629011e-08 2.5289229e-14
5.5708708e-08 2.5351261e-14
5.5788406e-08 2.5412137e-14
5.5868104e-08 2.5471476e-14
5.5947801e-08 2.5528976e-14
5.6027499e-08 2.5584430e-14
5.6107197e-08 2.5637742e-14
5.6186895e-08 2.5688939e-14
5.6266592e-08 2.5738171e-14
5.6346290e-08 2.5785706e-14
5.6425988e-08 2.5831921e-14
5.6505686e-08 2.5877285e-14
5.6585383e-08 2.5922330e-14
5.6665081e-08 2.5967632e-14
5.6744779e-08 2.6013776e-14
5.6824476e-08 2.6061326e-14
5.6904174e-08 2.6110792e-14
5.6983872e-08 2.6162606e-14
5.7063570e-08 2.6217091e-14
5.7143267e-08 2.6274441e-14
5.7222965e-08 2.6334709e-14
5.7302663e-08 2.6397793e-14
5.7382360e-08 2.6463437e-14
5.7462058e-08 2.6531237e-14
5.7541756e-08 2.6600656e-14
5.7621454e-08 2.6671041e-14
5.7701151e-08 2.6741659e-14
5.7780849e-08 2.6811728e-14
5.7860547e-08 2.6880461e-14
5.7940245e-08 2.6947105e-14
5.8019942e-08 2.7010991e-14
5.8099640e-08 2.7071577e-14
5.8179338e-08 2.7128481e-14
5.8259035e-08 2.7181517e-14
5.8338733e-08 2.7230717e-14
5.8418431e-08 2.7276338e-14
5.8498129e-08 2.7318862e-14
5.8577826e-08 2.7358980e-14
5.8657524e-08 2.7397565e-14
5.8737222e-08 2.7435634e-14
5.8816919e-08 2.7474300e-14
5.8896617e-08 2.7514720e-14
5.8976315e-08 2.7558037e-14
5.9056013e-08 2.7605320e-14
5.9135710e-08 2.7657508e-14
5.9215408e-08 2.7715355e-14
5.9295106e-08 2.7779381e-14
5.9374804e-08 2.7849833e-14
5.9454501e-08 2.7926647e-14
5.9534199e-08 2.8009435e-14
5.9613897e-08 2.8097468e-14
5.9693594e-08 2.8189690e-14
5.9773292e-08 2.8284733e-14
5.9852990e-08 2.8380966e-14
5.9932688e-08 2.8476551e-14
6.0012385e-08 2.8569522e-14
6.0092083e-08 2.8657887e-14
6.0171781e-08 2.8739735e-14
6.0251478e-08 2.8813361e-14
6.0331176e-08 2.8877389e-14
6.0410874e-08 2.8930891e-14
6.0490572e-08 2.8973494e-14
6.0570269e-08 2.9005454e-14
6.0649967e-08 2.9027715e-14
6.0729665e-08 2.9041920e-14
6.0809363e-08 2.9050401e-14
6.0889060e-08 2.9056125e-14
6.0968758e-08 2.9062623e-14
6.1048456e-08 2.9073896e-14
6.1128153e-08 2.9094313e-14
6.1207851e-08 2.9128510e-14
6.1287549e-08 2.9181291e-14
6.1367247e-08 2.9257541e-14
6.1446944e-08 2.9362157e-14
6.1526642e-08 2.9499987e-14
6.1606340e-08 2.9675783e-14
6.1686037e-08 2.9894160e-14
6.1765735e-08 3.0159560e-14
6.1845433e-08 3.0476204e-14
6.1925131e-08 3.0848033e-14
6.2004828e-08 3.1278621e-14
6.2084526e-08 3.1771047e-14
6.2164224e-08 3.2327719e-14
6.2243922e-08 3.2950117e-14
6.2323619e-08 3.3638467e-14
6.2403317e-08 3.4391295e-14
6.2483015e-08 3.5204891e-14
6.2562712e-08 3.6072663e-14
6.2642410e-08 3.6984421e-14
6.2722108e-08 3.7925672e-14
6.2801806e-08 3.8877042e-14
6.2881503e-08 3.9814015e-14
6.2961201e-08 4.0707248e-14
6.3040899e-08 4.1523683e-14
6.3120597e-08 4.2228648e-14
6.3200294e-08 4.2788899e-14
6.3279992e-08 4.3176274e-14
6.3359690e-08 4.3371296e-14
6.3439387e-08 4.3365913e-14
6.3519085e-08 4.3164650e-14
6.3598783e-08 4.2783866e-14
6.3678481e-08 4.2249321e-14
6.3758178e-08 4.1592734e-14
6.3837876e-08 4.0848129e-14
6.3917574e-08 4.0048673e-14
6.3997271e-08 3.9224392e-14
6.4076969e-08 3.8400863e-14
6.4156667e-08 3.7598728e-14
6.4236365e-08 3.6833819e-14
6.4316062e-08 3.6117646e-14
6.4395760e-08 3.5458044e-14
6.4475458e-08 3.4859857e-14
6.4555156e-08 3.4325569e-14
6.4634853e-08 3.3855849e-14
6.4714551e-08 3.3449987e-14
6.4794249e-08 3.3106247e-14
6.4873946e-08 3.2822116e-14
6.4953644e-08 3.2594499e-14
6.5033342e-08 3.2419854e-14
6.5113040e-08 3.2294282e-14
6.5192737e-08 3.2213591e-14
6.5272435e-08 3.2173353e-14
6.5352133e-08 3.2168936e-14
6.5431830e-08 3.2195551e-14
6.5511528e-08 3.2248302e-14
6.5591226e-08 3.2322243e-14
6.5670924e-08 3.2412452e-14
6.5750621e-08 3.2514124e-14
6.5830319e-08 3.2622668e-14
6.5910017e-08 3.2733817e-14
6.5989715e-08 3.2843734e-14
6.6069412e-08 3.2949120e-14
6.6149110e-08 3.3047294e-14
6.6228808e-08 3.3136256e-14
6.6308505e-08 3.3214721e-14
6.6388203e-08 3.3282109e-14
6.6467901e-08 3.3338515e-14
6.6547599e-08 3.3384633e-14
6.6627296e-08 3.3421664e-14
6.6706994e-08 3.3451200e-14
6.6786692e-08 3.3475101e-14
6.6866389e-08 3.3495372e-14
6.6946087e-08 3.3514044e-14
6.7025785e-08 3.3533065e-14
6.7105483e-08 3.3554211e-14
6.7185180e-08 3.3579019e-14
6.7264878e-08 3.3608725e-14
6.7344576e-08 3.3644242e-14
6.7424274e-08 3.3686131e-14
6.7503971e-08 3.3734614e-14
6.7583669e-08 3.3789582e-14
6.7663367e-08 3.3850625e-14
6.7743064e-08 3.3917069e-14
6.7822762e-08 3.3988026e-14
6.7902460e-08 3.4062449e-14
6.7982158e-08 3.4139187e-14
6.8061855e-08 3.4217049e-14
6.8141553e-08 3.4294866e-14
6.8221251e-08 3.4371545e-14
6.8300948e-08 3.4446122e-14
6.8380646e-08 3.4517807e-14
6.8460344e-08 3.4586013e-14
6.8540042e-08 3.4650378e-14
6.8619739e-08 3.4710775e-14
6.8699437e-08 3.4767301e-14
6.8779135e-08 3.4820263e-14
6.8858833e-08 3.4870152e-14
6.8938530e-08 3.4917598e-14
6.9018228e-08 3.4963340e-14
6.9097926e-08 3.5008169e-14
6.9177623e-08 3.5052892e-14
6.9257321e-08 3.5098283e-14
6.9337019e-08 3.5145046e-14
6.9416717e-08 3.5193782e-14
6.9496414e-08 3.5244962e-14
6.9576112e-08 3.5298911e-14
6.9655810e-08 3.5355798e-14
6.9735507e-08 3.5415631e-14
6.9815205e-08 3.5478268e-14
6.9894903e-08 3.5543431e-14
6.9974601e-08 3.5610719e-14
7.0054298e-08 3.5679643e-14
7.0133996e-08 3.5749647e-14
7.0213694e-08 3.5820142e-14
7.0293392e-08 3.5890540e-14
7.0373089e-08 3.5960284e-14
7.0452787e-08 3.6028873e-14
7.0532485e-08 3.6095894e-14
7.0612182e-08 3.6161035e-14
7.0691880e-08 3.6224101e-14
7.0771578e-08 3.6285021e-14
7.0851276e-08 3.6343846e-14
7.0930973e-08 3.6400743e-14
7.1010671e-08 3.6455979e-14
7.1090369e-08 3.6509908e-14
7.1170067e-08 3.6562944e-14
7.1249764e-08 3.6615537e-14
7.1329462e-08 3.6668149e-14
7.1409160e-08 3.6721226e-14
7.1488857e-08 3.6775178e-14
7.1568555e-08 3.6830355e-14
7.1648253e-08 3.6887035e-14
7.1727951e-08 3.6945404e-14
7.1807648e-08 3.7005556e-14
7.1887346e-08 3.7067491e-14
7.1967044e-08 3.7131110e-14
7.2046741e-08 3.7196233e-14
7.2126439e-08 3.7262606e-14
7.2206137e-08 3.7329913e-14
7.2285835e-08 3.7397804e-14
7.2365532e-08 3.7465906e-14
7.2445230e-08 3.7533847e-14
7.2524928e-08 3.7601277e-14
7.2604626e-08 3.7667885e-14
7.2684323e-08 3.7733416e-14
7.2764021e-08 3.7797681e-14
7.2843719e-08 3.7860571e-14
7.2923416e-08 3.7922056e-14
7.3003114e-08 3.7982184e-14
7.3082812e-08 3.8041084e-14
7.3162510e-08 3.8098945e-14
7.3242207e-08 3.8156016e-14
7.3321905e-08 3.8212581e-14
7.3401603e-08 3.8268950e-14
7.3481300e-08 3.8325435e-14
7.3560998e-08 3.8382339e-14
7.3640696e-08 3.8439934e-14
7.3720394e-08 3.8498452e-14
7.3800091e-08 3.8558070e-14
7.3879789e-08 3.8618902e-14
7.3959487e-08 3.8680998e-14
7.4039185e-08 3.8744339e-14
7.4118882e-08 3.8808839e-14
7.4198580e-08 3.8874355e-14
7.4278278e-08 3.8940693e-14
7.4357975e-08 3.9007618e-14
7.4437673e-08 3.9074874e-14
7.4517371e-08 3.9142190e-14
7.4597069e-08 3.9209301e-14
7.4676766e-08 3.9275962e-14
7.4756464e-08 3.9341956e-14
7.4836162e-08 3.9407113e-14
7.4915859e-08 3.9471311e-14
7.4995557e-08 3.9534488e-14
7.5075255e-08 3.9596641e-14
7.5154953e-08 3.9657824e-14
7.5234650e-08 3.9718148e-14
7.5314348e-08 3.9777769e-14
7.5394046e-08 3.9836882e-14
7.5473744e-08 3.9895710e-14
7.5553441e-08 3.9954484e-14
7.5633139e-08 4.0013442e-14
7.5712837e-08 4.0072806e-14
7.5792534e-08 4.0132772e-14
7.5872232e-08 4.0193505e-14
7.5951930e-08 4.0255124e-14
7.6031628e-08 4.0317701e-14
7.6111325e-08 4.0381254e-14
7.6191023e-08 4.0445753e-14
7.6270721e-08 4.0511113e-14
7.6350418e-08 4.0577210e-14
7.6430116e-08 4.0643881e-14
7.6509814e-08 4.0710937e-14
7.6589512e-08 4.0778170e-14
7.6669209e-08 4.0845372e-14
7.6748907e-08 4.0912338e-14
7.6828605e-08 4.0978882e-14
7.6908303e-08 4.1044847e-14
7.6988000e-08 4.1110113e-14
7.7067698e-08 4.1174599e-14
7.7147396e-08 4.1238274e-14
7.7227093e-08 4.1301153e-14
7.7306791e-08 4.1363296e-14
7.7386489e-08 4.1424807e-14
7.7466187e-08 4.1485822e-14
7.7545884e-08 4.1546507e-14
7.7625582e-08 4.1607045e-14
7.7705280e-08 4.1667626e-14
7.7784978e-08 4.1728436e-14
7.7864675e-08 4.1789649e-14
7.7944373e-08 4.1851416e-14
7.8024071e-08 4.1913856e-14
7.8103768e-08 4.1977051e-14
7.8183466e-08 4.2041044e-14
7.8263164e-08 4.2105833e-14
7.8342862e-08 4.2171376e-14
7.8422559e-08 4.2237590e-14
7.8502257e-08 4.2304360e-14
7.8581955e-08 4.2371542e-14
7.8661652e-08 4.2438973e-14
7.8741350e-08 4.2506481e-14
7.8821048e-08 4.2573892e-14
7.8900746e-08 4.2641045e-14
7.8980443e-08 4.2707792e-14
7.9060141e-08 4.2774015e-14
7.9139839e-08 4.2839627e-14
7.9219537e-08 4.2904578e-14
7.9299234e-08 4.2968857e-14
7.9378932e-08 4.3032493e-14
7.9458630e-08 4.3095550e-14
7.9538327e-08 4.3158129e-14
7.9618025e-08 4.3220354e-14
7.9697723e-08 4.3282372e-14
7.9777421e-08 4.3344341e-14
7.9857118e-08 4.3406420e-14
7.9936816e-08 4.3468765e-14
8.0016514e-08 4.3531513e-14
8.0096211e-08 4.3594783e-14
8.0175909e-08 4.3658664e-14
8.0255607e-08 4.3723211e-14
8.0335305e-08 4.3788445e-14
8.0415002e-08 4.3854350e-14
8.0494700e-08 4.3920875e-14
8.0574398e-08 4.3987936e-14
8.0654096e-08 4.4055424e-14
8.0733793e-08 4.4123208e-14
8.0813491e-08 4.4191143e-14
8.0893189e-08 4.4259082e-14
8.0972886e-08 4.4326876e-14
8.1052584e-08 4.4394393e-14
8.1132282e-08 4.4461514e-14
8.1211980e-08 4.4528150e-14
8.1291677e-08 4.4594237e-14
8.1371375e-08 4.4659749e-14
8.1451073e-08 4.4724689e-14
8.1530770e-08 4.4789096e-14
8.1610468e-08 4.4853042e-14
8.1690166e-08 4.4916621e-14
8.1769864e-08 4.4979954e-14
8.1849561e-08 4.5043171e-14
8.1929259e-08 4.5106411e-14
8.2008957e-08 4.5169815e-14
8.2088655e-08 4.5233511e-14
8.2168352e-08 4.5297613e-14
8.2248050e-08 4.5362215e-14
8.2327748e-08 4.5427381e-14
8.2407445e-08 4.5493147e-14
8.2487143e-08 4.5559517e-14
8.2566841e-08 4.5626464e-14
8.2646539e-08 4.5693929e-14
8.2726236e-08 4.5761828e-14
8.2805934e-08 4.5830055e-14
8.2885632e-08 4.5898489e-14
8.2965329e-08 4.5966999e-14
8.3045027e-08 4.6035454e-14
8.3124725e-08 4.6103729e-14
8.3204423e-08 4.6171710e-14
8.3284120e-08 4.6239304e-14
8.3363818e-08 4.6306441e-14
8.3443516e-08 4.6373079e-14
8.3523214e-08 4.6439206e-14
8.3602911e-08 4.6504839e-14
8.3682609e-08 4.6570028e-14
8.3762307e-08 4.6634845e-14
8.3842004e-08 4.6699386e-14
8.3921702e-08 4.6763762e-14
8.4001400e-08 4.6828095e-14
8.4081098e-08 4.6892511e-14
8.4160795e-08 4.6957131e-14
8.4240493e-08 4.7022065e-14
8.4320191e-08 4.7087408e-14
8.4399889e-08 4.7153231e-14
8.4479586e-08 4.7219583e-14
8.4559284e-08 4.7286482e-14
8.4638982e-08 4.7353919e-14
8.4718679e-08 4.7421856e-14
8.4798377e-08 4.7490229e-14
8.4878075e-08 4.7558953e-14
8.4957773e-08 4.7627927e-14
8.5037470e-08 4.7697034e-14
8.5117168e-08 4.7766158e-14
8.5196866e-08 4.7835180e-14
8.5276563e-08 4.7903991e-14
8.5356261e-08 4.7972497e-14
8.5435959e-08 4.8040622e-14
8.5515657e-08 4.8108314e-14
8.5595354e-08 4.8175547e-14
8.5675052e-08 4.8242323e-14
8.5754750e-08 4.8308672e-14
8.5834448e-08 4.8374647e-14
8.5914145e-08 4.8440324e-14
8.5993843e-08 4.8505800e-14
8.6073541e-08 4.8571179e-14
8.6153238e-08 4.8636576e-14
8.6232936e-08 4.8702104e-14
8.6312634e-08 4.8767868e-14
8.6392332e-08 4.8833965e-14
8.6472029e-08 4.8900472e-14
8.6551727e-08 4.8967443e-14
8.6631425e-08 4.9034912e-14
8.6711122e-08 4.9102882e-14
8.6790820e-08 4.9171334e-14
8.6870518e-08 4.9240221e-14
8.6950216e-08 4.9309476e-14
8.7029913e-08 4.9379012e-14
8.7109611e-08 4.9448730e-14
8.7189309e-08 4.9518522e-14
8.7269007e-08 4.9588278e-14
8.7348704e-08 4.9657894e-14
8.7428402e-08 4.9727275e-14
8.7508100e-08 4.9796342e-14
8.7587797e-08 4.9865034e-14
8.7667495e-08 4.9933315e-14
8.7747193e-08 5.0001173e-14
8.7826891e-08 5.0068621e-14
8.7906588e-08 5.0135697e-14
8.7986286e-08 5.0202462e-14
8.8065984e-08 5.0268994e-14
8.8145681e-08 5.0335388e-14
8.8225379e-08 5.0401744e-14
8.8305077e-08 5.0468168e-14
8.8384775e-08 5.0534763e-14
8.8464472e-08 5.0601623e-14
8.8544170e-08 5.0668829e-14
8.8623868e-08 5.0736445e-14
8.8703566e-08 5.0804510e-14
8.8783263e-08 5.0873044e-14
8.8862961e-08 5.0942039e-14
8.8942659e-08 5.1011466e-14
8.9022356e-08 5.1081271e-14
8.9102054e-08 5.1151382e-14
8.9181752e-08 5.1221714e-14
8.9261450e-08 5.1292169e-14
8.9341147e-08 5.1362646e-14
8.9420845e-08 5.1433044e-14
8.9500543e-08 5.1503269e-14
8.9580240e-08 5.1573240e-14
8.9659938e-08 5.1642889e-14
8.9739636e-08 5.1712172e-14
8.9819334e-08 5.1781064e-14
8.9899031e-08 5.1849566e-14
8.9978729e-08 5.1917702e-14
9.0058427e-08 5.1985516e-14
9.0138125e-08 5.2053074e-14
9.0217822e-08 5.2120457e-14
9.0297520e-08 5.2187756e-14
9.0377218e-08 5.2255070e-14
9.0456915e-08 5.2322495e-14
9.0536613e-08 5.2390127e-14
9.0616311e-08 5.2458046e-14
9.0696009e-08 5.2526322e-14
9.0775706e-08 5.2595005e-14
9.0855404e-08 5.2664122e-14
9.0935102e-08 5.2733680e-14
9.1014800e-08 5.2803662e-14
9.1094497e-08 5.2874029e-14
9.1174195e-08 5.2944722e-14
9.1253893e-08 5.3015668e-14
9.1333590e-08 5.3086779e-14
9.1413288e-08 5.3157961e-14
9.1492986e-08 5.3229119e-14
9.1572684e-08 5.3300161e-14
9.1652381e-08 5.3371002e-14
9.1732079e-08 5.3441573e-14
9.1811777e-08 5.3511819e-14
9.1891474e-08 5.3581708e-14
9.1971172e-08 5.3651227e-14
9.2050870e-08 5.3720387e-14
9.2130568e-08 5.3789221e-14
9.2210265e-08 5.3857781e-14
9.2289963e-08 5.3926135e-14
9.2369661e-08 5.3994367e-14
9.2449359e-08 5.4062564e-14
9.2529056e-08 5.4130822e-14
9.2608754e-08 5.4199231e-14
9.2688452e-08 5.4267874e-14
9.2768149e-08 5.4336825e-14
9.2847847e-08 5.4406139e-14
9.2927545e-08 5.4475855e-14
9.3007243e-08 5.4545990e-14
9.3086940e-08 5.4616538e-14
9.3166638e-08 5.4687473e-14
9.3246336e-08 5.4758751e-14
9.3326033e-08 5.4830306e-14
9.3405731e-08 5.4902063e-14
9.3485429e-08 5.4973935e-14
9.3565127e-08 5.5045833e-14
9.3644824e-08 5.5117665e-14
9.3724522e-08 5.5189348e-14
9.3804220e-08 5.5260808e-14
9.3883918e-08 5.5331985e-14
9.3963615e-08 5.5402836e-14
9.4043313e-08 5.5473341e-14
9.4123011e-08 5.5543498e-14
9.4202708e-08 5.5613327e-14
9.4282406e-08 5.5682869e-14
9.4362104e-08 5.5752181e-14
9.4441802e-08 5.5821336e-14
9.4521499e-08 5.5890415e-14
9.4601197e-08 5.5959506e-14
9.4680895e-08 5.6028698e-14
9.4760592e-08 5.6098074e-14
9.4840290e-08 5.6167711e-14
9.4919988e-08 5.6237671e-14
9.4999686e-08 5.6307997e-14
9.5079383e-08 5.6378719e-14
9.5159081e-08 5.6449841e-14
9.5238779e-08 5.6521349e-14
9.5318477e-08 5.6593209e-14
9.5398174e-08 5.6665369e-14
9.5477872e-08 5.6737761e-14
9.5557570e-08 5.6810307e-14
9.5637267e-08 5.6882923e-14
9.5716965e-08 5.6955522e-14
9.5796663e-08 5.7028019e-14
9.5876361e-08 5.7100339e-14
9.5956058e-08 5.7172417e-14
9.6035756e-08 5.7244202e-14
9.6115454e-08 5.7315665e-14
9.6195151e-08 5.7386794e-14
9.6274849e-08 5.7457597e-14
9.6354547e-08 5.7528104e-14
9.6434245e-08 5.7598362e-14
9.6513942e-08 5.7668433e-14
9.6593640e-08 5.7738391e-14
9.6673338e-08 5.7808318e-14
9.6753036e-08 5.7878298e-14
9.6832733e-08 5.7948417e-14
9.6912431e-08 5.8018750e-14
9.6992129e-08 5.8089365e-14
9.7071826e-08 5.8160313e-14
9.7151524e-08 5.8231629e-14
9.7231222e-08 5.8303331e-14
9.7310920e-08 5.8375414e-14
9.7390617e-08 5.8447855e-14
9.7470315e-08 5.8520612e-14
9.7550013e-08 5.8593629e-14
9.7629710e-08 5.8666834e-14
9.7709408e-08 5.8740149e-14
9.7789106e-08 5.8813490e-14
9.7868804e-08 5.8886776e-14
9.7948501e-08 5.8959928e-14
9.8028199e-08 5.9032878e-14
9.8107897e-08 5.9105571e-14
9.8187595e-08 5.9177966e-14
9.8267292e-08 5.9250044e-14
9.8346990e-08 5.9321803e-14
9.8426688e-08 5.9393260e-14
9.8506385e-08 5.9464454e-14
9.8586083e-08 5.9535434e-14
9.8665781e-08 5.9606269e-14
9.8745479e-08 5.9677035e-14
9.8825176e-08 5.9747810e-14
9.8904874e-08 5.9818679e-14
9.8984572e-08 5.9889718e-14
9.9064270e-08 5.9960998e-14
9.9143967e-08 6.0032576e-14
9.9223665e-08 6.0104496e-14
9.9303363e-08 6.0176782e-14
9.9383060e-08 6.0249442e-14
9.9462758e-08 6.0322461e-14
9.9542456e-08 6.0395809e-14
9.9622154e-08 6.0469437e-14
9.9701851e-08 6.0543285e-14
9.9781549e-08 6.0617280e-14
9.9861247e-08 6.0691342e-14
9.9940944e-08 6.0765391e-14
1.0002064e-07 6.0839350e-14
1.0010034e-07 6.0913146e-14
1.0018004e-07 6.0986720e-14
1.0025974e-07 6.1060024e-14
1.0033943e-07 6.1133030e-14
1.0041913e-07 6.1205726e-14
1.0049883e-07 6.1278120e-14
1.0057853e-07 6.1350239e-14
1.0065822e-07 6.1422125e-14
1.0073792e-07 6.1493836e-14
1.0081762e-07 6.1565442e-14
1.0089732e-07 6.1637018e-14
1.0097701e-07 6.1708644e-14
1.0105671e-07 6.1780398e-14
1.0113641e-07 6.1852353e-14
1.0121611e-07 6.1924571e-14
1.0129581e-07 6.1997100e-14
1.0137550e-07 6.2069976e-14
1.0145520e-07 6.2143212e-14
1.0153490e-07 6.2216807e-14
1.0161460e-07 6.2290739e-14
1.0169429e-07 6.2364969e-14
1.0177399e-07 6.2439445e-14
1.0185369e-07 6.2514101e-14
1.0193339e-07 6.2588862e-14
1.0201309e-07 6.2663651e-14
1.0209278e-07 6.2738391e-14
1.0217248e-07 6.2813009e-14
1.0225218e-07 6.2887438e-14
1.0233188e-07 6.2961629e-14
1.0241157e-07 6.3035542e-14
1.0249127e-07 6.3109158e-14
1.0257097e-07 6.3182475e-14
1.0265067e-07 6.3255509e-14
1.0273036e-07 6.3328295e-14
1.0281006e-07 6.3400881e-14
1.0288976e-07 6.3473330e-14
1.0296946e-07 6.3545712e-14
1.0304916e-07 6.3618103e-14
1.0312885e-07 6.3690582e-14
1.0320855e-07 6.3763220e-14
1.0328825e-07 6.3836086e-14
1.0336795e-07 6.3909233e-14
1.0344764e-07 6.3982702e-14
1.0352734e-07 6.4056517e-14
1.0360704e-07 6.4130686e-14
1.0368674e-07 6.4205195e-14
1.0376644e-07 6.4280017e-14
1.0384613e-07 6.4355107e-14
1.0392583e-07 6.4430405e-14
1.0400553e-07 6.4505845e-14
1.0408523e-07 6.4581351e-14
1.0416492e-07 6.4656848e-14
1.0424462e-07 6.4732261e-14
1.0432432e-07 6.4807523e-14
1.0440402e-07 6.4882577e-14
1.0448371e-07 6.4957376e-14
1.0456341e-07 6.5031895e-14
1.0464311e-07 6.5106122e-14
1.0472281e-07 6.5180063e-14
1.0480251e-07 6.5253743e-14
1.0488220e-07 6.5327202e-14
1.0496190e-07 6.5400496e-14
1.0504160e-07 6.5473689e-14
1.0512130e-07 6.5546853e-14
1.0520099e-07 6.5620064e-14
1.0528069e-07 6.5693397e-14
1.0536039e-07 6.5766918e-14
1.0544009e-07 6.5840690e-14
1.0551979e-07 6.5914757e-14
1.0559948e-07 6.5989154e-14
1.0567918e-07 6.6063894e-14
1.0575888e-07 6.6138977e-14
1.0583858e-07 6.6214381e-14
1.0591827e-07 6.6290070e-14
1.0599797e-07 6.6365995e-14
1.0607767e-07 6.6442093e-14
1.0615737e-07 6.6518294e-14
1.0623706e-07 6.6594525e-14
1.0631676e-07 6.6670710e-14
1.0639646e-07 6.6746780e-14
1.0647616e-07 6.6822673e-14
1.0655586e-07 6.6898340e-14
1.0663555e-07 6.6973745e-14
1.0671525e-07 6.7048867e-14
1.0679495e-07 6.7123704e-14
1.0687465e-07 6.7198272e-14
1.0695434e-07 6.7272603e-14
1.0703404e-07 6.7346744e-14
1.0711374e-07 6.7420752e-14
1.0719344e-07 6.7494696e-14
1.0727313e-07 6.7568649e-14
1.0735283e-07 6.7642684e-14
1.0743253e-07 6.7716871e-14
1.0751223e-07 6.7791274e-14
1.0759193e-07 6.7865947e-14
1.0767162e-07 6.7940927e-14
1.0775132e-07 6.8016239e-14
1.0783102e-07 6.8091889e-14
1.0791072e-07 6.8167867e-14
1.0799041e-07 6.8244145e-14
1.0807011e-07 6.8320680e-14
1.0814981e-07 6.8397417e-14
1.0822951e-07 6.8474292e-14
1.0830921e-07 6.8551232e-14
1.0838890e-07 6.8628166e-14
1.0846860e-07 6.8705021e-14
1.0854830e-07 6.8781733e-14
1.0862800e-07 6.8858246e-14
1.0870769e-07 6.8934518e-14
1.0878739e-07 6.9010521e-14
1.0886709e-07 6.9086245e-14
1.0894679e-07 6.9161695e-14
1.0902648e-07 6.9236894e-14
1.0910618e-07 6.9311882e-14
1.0918588e-07 6.9386710e-14
1.0926558e-07 6.9461441e-14
1.0934528e-07 6.9536143e-14
1.0942497e-07 6.9610890e-14
1.0950467e-07 6.9685752e-14
1.0958437e-07 6.9760795e-14
1.0966407e-07 6.9836078e-14
1.0974376e-07 6.9911646e-14
1.0982346e-07 6.9987530e-14
1.0990316e-07 7.0063745e-14
1.0998286e-07 7.0140290e-14
1.1006256e-07 7.0217145e-14
1.1014225e-07 7.0294276e-14
1.1022195e-07 7.0371635e-14
1.1030165e-07 7.0449163e-14
1.1038135e-07 7.0526791e-14
1.1046104e-07 7.0604449e-14
1.1054074e-07 7.0682066e-14
1.1062044e-07 7.0759574e-14
1.1070014e-07 7.0836913e-14
1.1077983e-07 7.0914035e-14
1.1085953e-07 7.0990904e-14
1.1093923e-07 7.1067502e-14
1.1101893e-07 7.1143826e-14
1.1109863e-07 7.1219891e-14
1.1117832e-07 7.1295727e-14
1.1125802e-07 7.1371377e-14
1.1133772e-07 7.1446901e-14
1.1141742e-07 7.1522361e-14
1.1149711e-07 7.1597829e-14
1.1157681e-07 7.1673375e-14
1.1165651e-07 7.1749067e-14
1.1173621e-07 7.1824968e-14
1.1181591e-07 7.1901128e-14
1.1189560e-07 7.1977585e-14
1.1197530e-07 7.2054363e-14
1.1205500e-07 7.2131469e-14
1.1213470e-07 7.2208891e-14
1.1221439e-07 7.2286605e-14
1.1229409e-07 7.2364569e-14
1.1237379e-07 7.2442730e-14
1.1245349e-07 7.2521025e-14
1.1253318e-07 7.2599385e-14
1.1261288e-07 7.2677741e-14
1.1269258e-07 7.2756022e-14
1.1277228e-07 7.2834165e-14
1.1285198e-07 7.2912119e-14
1.1293167e-07 7.2989838e-14
1.1301137e-07 7.3067299e-14
1.1309107e-07 7.3144489e-14
1.1317077e-07 7.3221414e-14
1.1325046e-07 7.3298096e-14
1.1333016e-07 7.3374573e-14
1.1340986e-07 7.3450894e-14
1.1348956e-07 7.3527120e-14
1.1356926e-07 7.3603318e-14
1.1364895e-07 7.3679558e-14
1.1372865e-07 7.3755908e-14
1.1380835e-07 7.3832434e-14
1.1388805e-07 7.3909192e-14
1.1396774e-07 7.3986226e-14
1.1404744e-07 7.4063566e-14
1.1412714e-07 7.4141228e-14
1.1420684e-07 7.4219210e-14
1.1428653e-07 7.4297495e-14
1.1436623e-07 7.4376048e-14
1.1444593e-07 7.4454824e-14
1.1452563e-07 7.4533765e-14
1.1460533e-07 7.4612806e-14
1.1468502e-07 7.4691876e-14
1.1476472e-07 7.4770908e-14
1.1484442e-07 7.4849836e-14
1.1492412e-07 7.4928601e-14
1.1500381e-07 7.5007155e-14
1.1508351e-07 7.5085465e-14
1.1516321e-07 7.5163511e-14
1.1524291e-07 7.5241291e-14
1.1532260e-07 7.5318818e-14
1.1540230e-07 7.5396122e-14
1.1548200e-07 7.5473246e-14
1.1556170e-07 7.5550245e-14
1.1564140e-07 7.5627182e-14
1.1572109e-07 7.5704124e-14
1.1580079e-07 7.5781143e-14
1.1588049e-07 7.5858302e-14
1.1596019e-07 7.5935664e-14
1.1603988e-07 7.6013278e-14
1.1611958e-07 7.6091181e-14
1.1619928e-07 7.6169397e-14
1.1627898e-07 7.6247932e-14
1.1635868e-07 7.6326776e-14
1.1643837e-07 7.6405906e-14
1.1651807e-07 7.6485279e-14
1.1659777e-07 7.6564847e-14
1.1667747e-07 7.6644546e-14
1.1675716e-07 7.6724310e-14
1.1683686e-07 7.6804071e-14
1.1691656e-07 7.6883760e-14
1.1699626e-07 7.6963317e-14
1.1707595e-07 7.7042688e-14
1.1715565e-07 7.7121833e-14
1.1723535e-07 7.7200725e-14
1.1731505e-07 7.7279353e-14
1.1739475e-07 7.7357722e-14
1.1747444e-07 7.7435855e-14
1.1755414e-07 7.7513785e-14
1.1763384e-07 7.7591563e-14
1.1771354e-07 7.7669247e-14
1.1779323e-07 7.7746903e-14
1.1787293e-07 7.7824598e-14
1.1795263e-07 7.7902401e-14
1.1803233e-07 7.7980374e-14
1.1811203e-07 7.8058573e-14
1.1819172e-07 7.8137041e-14
1.1827142e-07 7.8215809e-14
1.1835112e-07 7.8294891e-14
1.1843082e-07 7.8374287e-14
1.1851051e-07 7.8453979e-14
1.1859021e-07 7.8533935e-14
1.1866991e-07 7.8614110e-14
1.1874961e-07 7.8694447e-14
1.1882930e-07 7.8774883e-14
1.1890900e-07 7.8855349e-14
1.1898870e-07 7.8935779e-14
1.1906840e-07 7.9016108e-14
1.1914810e-07 7.9096278e-14
1.1922779e-07 7.9176243e-14
1.1930749e-07 7.9255969e-14
1.1938719e-07 7.9335437e-14
1.1946689e-07 7.9414645e-14
1.1954658e-07 7.9493605e-14
1.1962628e-07 7.9572345e-14
1.1970598e-07 7.9650908e-14
1.1978568e-07 7.9729347e-14
1.1986538e-07 7.9807724e-14
1.1994507e-07 7.9886107e-14
1.2002477e-07 7.9964562e-14
1.2010447e-07 8.0043155e-14
1.2018417e-07 8.0121945e-14
1.2026386e-07 8.0200982e-14
1.2034356e-07 8.0280302e-14
1.2042326e-07 8.0359928e-14
1.2050296e-07 8.0439868e-14
1.2058265e-07 8.0520112e-14
1.2066235e-07 8.0600635e-14
1.2074205e-07 8.0681401e-14
1.2082175e-07 8.0762356e-14
1.2090145e-07 8.0843442e-14
1.2098114e-07 8.0924593e-14
1.2106084e-07 8.1005741e-14
1.2114054e-07 8.1086821e-14
1.2122024e-07 8.1167771e-14
1.2129993e-07 8.1248540e-14
1.2137963e-07 8.1329087e-14
1.2145933e-07 8.1409386e-14
1.2153903e-07 8.1489426e-14
1.2161873e-07 8.1569211e-14
1.2169842e-07 8.1648763e-14
1.2177812e-07 8.1728116e-14
1.2185782e-07 8.1807318e-14
1.2193752e-07 8.1886426e-14
1.2201721e-07 8.1965506e-14
1.2209691e-07 8.2044623e-14
1.2217661e-07 8.2123845e-14
1.2225631e-07 8.2203234e-14
1.2233600e-07 8.2282843e-14
1.2241570e-07 8.2362717e-14
1.2249540e-07 8.2442886e-14
1.2257510e-07 8.2523364e-14
1.2265480e-07 8.2604150e-14
1.2273449e-07 8.2685228e-14
1.2281419e-07 8.2766567e-14
1.2289389e-07 8.2848121e-14
1.2297359e-07 8.2929837e-14
1.2305328e-07 8.3011650e-14
1.2313298e-07 8.3093496e-14
1.2321268e-07 8.3175305e-14
1.2329238e-07 8.3257017e-14
1.2337207e-07 8.3338573e-14
1.2345177e-07 8.3419927e-14
1.2353147e-07 8.3501046e-14
1.2361117e-07 8.3581911e-14
1.2369087e-07 8.3662519e-14
1.2377056e-07 8.3742883e-14
1.2385026e-07 8.3823030e-14
1.2392996e-07 8.3903001e-14
1.2400966e-07 8.3982849e-14
1.2408935e-07 8.4062635e-14
1.2416905e-07 8.4142425e-14
1.2424875e-07 8.4222285e-14
1.2432845e-07 8.4302280e-14
1.2440815e-07 8.4382469e-14
1.2448784e-07 8.4462900e-14
1.2456754e-07 8.4543610e-14
1.2464724e-07 8.4624622e-14
1.2472694e-07 8.4705943e-14
1.2480663e-07 8.4787564e-14
1.2488633e-07 8.4869462e-14
1.2496603e-07 8.4951598e-14
1.2504573e-07 8.5033923e-14
1.2512542e-07 8.5116378e-14
1.2520512e-07 8.5198898e-14
1.2528482e-07 8.5281417e-14
1.2536452e-07 8.5363869e-14
1.2544422e-07 8.5446194e-14
1.2552391e-07 8.5528340e-14
1.2560361e-07 8.5610268e-14
1.2568331e-07 8.5691950e-14
1.2576301e-07 8.5773377e-14
1.2584270e-07 8.5854552e-14
1.2592240e-07 8.5935495e-14
1.2600210e-07 8.6016241e-14
1.2608180e-07 8.6096837e-14
1.2616150e-07 8.6177339e-14
1.2624119e-07 8.6257812e-14
1.2632089e-07 8.6338320e-14
1.2640059e-07 8.6418931e-14
1.2648029e-07 8.6499706e-14
1.2655998e-07 8.6580698e-14
1.2663968e-07 8.6661951e-14
1.2671938e-07 8.6743495e-14
1.2679908e-07 8.6825344e-14
1.2687877e-07 8.6907499e-14
1.2695847e-07 8.6989942e-14
1.2703817e-07 8.7072644e-14
1.2711787e-07 8.7155560e-14
1.2719757e-07 8.7238635e-14
1.2727726e-07 8.7321809e-14
1.2735696e-07 8.7405016e-14
1.2743666e-07 8.7488188e-14
1.2751636e-07 8.7571263e-14
1.2759605e-07 8.7654185e-14
1.2767575e-07 8.7736908e-14
1.2775545e-07 8.7819398e-14
1.2783515e-07 8.7901637e-14
1.2791485e-07 8.7983621e-14
1.2799454e-07 8.8065362e-14
1.2807424e-07 8.8146888e-14
1.2815394e-07 8.8228239e-14
1.2823364e-07 8.8309467e-14
1.2831333e-07 8.8390632e-14
1.2839303e-07 8.8471799e-14
1.2847273e-07 8.8553035e-14
1.2855243e-07 8.8634404e-14
1.2863212e-07 8.8715964e-14
1.2871182e-07 8.8797762e-14
1.2879152e-07 8.8879837e-14
1.2887122e-07 8.8962210e-14
1.2895092e-07 8.9044889e-14
1.2903061e-07 8.9127867e-14
1.2911031e-07 8.9211119e-14
1.2919001e-07 8.9294608e-14
1.2926971e-07 8.9378285e-14
1.2934940e-07 8.9462091e-14
1.2942910e-07 8.9545964e-14
1.2950880e-07 8.9629835e-14
1.2958850e-07 8.9713641e-14
1.2966820e-07 8.9797321e-14
1.2974789e-07 8.9880825e-14
1.2982759e-07 8.9964113e-14
1.2990729e-07 9.0047157e-14
1.2998699e-07 9.0129947e-14
1.3006668e-07 9.0212486e-14
1.3014638e-07 9.0294794e-14
1.3022608e-07 9.0376907e-14
1.3030578e-07 9.0458869e-14
1.3038547e-07 9.0540737e-14
1.3046517e-07 9.0622573e-14
1.3054487e-07 9.0704445e-14
1.3062457e-07 9.0786417e-14
1.3070427e-07 9.0868550e-14
1.3078396e-07 9.0950898e-14
1.3086366e-07 9.1033505e-14
1.3094336e-07 9.1116400e-14
1.3102306e-07 9.1199598e-14
1.3110275e-07 9.1283099e-14
1.3118245e-07 9.1366888e-14
1.3126215e-07 9.1450934e-14
1.3134185e-07 9.1535192e-14
1.3142154e-07 9.1619611e-14
1.3150124e-07 9.1704128e-14
1.3158094e-07 9.1788678e-14
1.3166064e-07 9.1873195e-14
1.3174034e-07 9.1957616e-14
1.3182003e-07 9.2041885e-14
1.3189973e-07 9.2125957e-14
1.3197943e-07 9.2209797e-14
1.3205913e-07 9.2293387e-14
1.3213882e-07 9.2376724e-14
1.3221852e-07 9.2459818e-14
1.3229822e-07 9.2542697e-14
1.3237792e-07 9.2625401e-14
1.3245762e-07 9.2707981e-14
1.3253731e-07 9.2790498e-14
1.3261701e-07 9.2873015e-14
1.3269671e-07 9.2955600e-14
1.3277641e-07 9.3038315e-14
1.3285610e-07 9.3121219e-14
1.3293580e-07 9.3204360e-14
1.3301550e-07 9.3287775e-14
1.3309520e-07 9.3371488e-14
1.3317489e-07 9.3455504e-14
1.3325459e-07 9.3539817e-14
1.3333429e-07 9.3624404e-14
1.3341399e-07 9.3709228e-14
1.3349369e-07 9.3794239e-14
1.3357338e-07 9.3879380e-14
1.3365308e-07 9.3964587e-14
1.3373278e-07 9.4049794e-14
1.3381248e-07 9.4134936e-14
1.3389217e-07 9.4219954e-14
1.3397187e-07 9.4304796e-14
1.3405157e-07 9.4389423e-14
1.3413127e-07 9.4473808e-14
1.3421097e-07 9.4557938e-14
1.3429066e-07 9.4641819e-14
1.3437036e-07 9.4725469e-14
1.3445006e-07 9.4808922e-14
1.3452976e-07 9.4892224e-14
1.3460945e-07 9.4975431e-14
1.3468915e-07 9.5058605e-14
1.3476885e-07 9.5141813e-14
1.3484855e-07 9.5225120e-14
1.3492824e-07 9.5308586e-14
1.3500794e-07 9.5392266e-14
1.3508764e-07 9.5476202e-14
1.3516734e-07 9.5560425e-14
1.3524704e-07 9.5644950e-14
1.3532673e-07 9.5729778e-14
1.3540643e-07 9.5814892e-14
1.3548613e-07 9.5900263e-14
1.3556583e-07 9.5985848e-14
1.3564552e-07 9.6071592e-14
1.3572522e-07 9.6157435e-14
1.3580492e-07 9.6243312e-14
1.3588462e-07 9.6329156e-14
1.3596432e-07 9.6414905e-14
1.3604401e-07 9.6500503e-14
1.3612371e-07 9.6585905e-14
1.3620341e-07 9.6671075e-14
1.3628311e-07 9.6755996e-14
1.3636280e-07 9.6840662e-14
1.3644250e-07 9.6925086e-14
1.3652220e-07 9.7009294e-14
1.3660190e-07 9.7093326e-14
1.3668159e-07 9.7177234e-14
1.3676129e-07 9.7261076e-14
1.3684099e-07 9.7344918e-14
1.3692069e-07 9.7428826e-14
1.3700039e-07 9.7512862e-14
1.3708008e-07 9.7597086e-14
1.3715978e-07 9.7681546e-14
1.3723948e-07 9.7766279e-14
1.3731918e-07 9.7851308e-14
1.3739887e-07 9.7936641e-14
1.3747857e-07 9.8022271e-14
1.3755827e-07 9.8108174e-14
1.3763797e-07 9.8194314e-14
1.3771767e-07 9.8280642e-14
1.3779736e-07 9.8367101e-14
1.3787706e-07 9.8453625e-14
1.3795676e-07 9.8540151e-14
1.3803646e-07 9.8626613e-14
1.3811615e-07 9.8712951e-14
1.3819585e-07 9.8799114e-14
1.3827555e-07 9.8885061e-14
1.3835525e-07 9.8970766e-14
1.3843494e-07 9.9056216e-14
1.3851464e-07 9.9141416e-14
1.3859434e-07 9.9226384e-14
1.3867404e-07 9.9311153e-14
1.3875374e-07 9.9395771e-14
1.3883343e-07 9.9480292e-14
1.3891313e-07 9.9564779e-14
1.3899283e-07 9.9649298e-14
1.3907253e-07 9.9733915e-14
1.3915222e-07 9.9818690e-14
1.3923192e-07 9.9903677e-14
1.3931162e-07 9.9988921e-14
1.3939132e-07 1.0007445e-13
1.3947101e-07 1.0016028e-13
1.3955071e-07 1.0024642e-13
1.3963041e-07 1.0033284e-13
1.3971011e-07 1.0041952e-13
1.3978981e-07 1.0050641e-13
1.3986950e-07 1.0059346e-13
1.3994920e-07 1.0068062e-13
1.4002890e-07 1.0076780e-13
1.4010860e-07 1.0085496e-13
1.4018829e-07 1.0094202e-13
1.4026799e-07 1.0102893e-13
1.4034769e-07 1.0111564e-13
1.4042739e-07 1.0120212e-13
1.4050709e-07 1.0128835e-13
1.4058678e-07 1.0137433e-13
1.4066648e-07 1.0146006e-13
1.4074618e-07 1.0154557e-13
1.4082588e-07 1.0163091e-13
1.4090557e-07 1.0171612e-13
1.4098527e-07 1.0180126e-13
1.4106497e-07 1.0188641e-13
1.4114467e-07 1.0197161e-13
1.4122436e-07 1.0205695e-13
1.4130406e-07 1.0214247e-13
1.4138376e-07 1.0222822e-13
1.4146346e-07 1.0231425e-13
1.4154316e-07 1.0240058e-13
1.4162285e-07 1.0248721e-13
1.4170255e-07 1.0257414e-13
1.4178225e-07 1.0266134e-13
1.4186195e-07 1.0274878e-13
1.4194164e-07 1.0283640e-13
1.4202134e-07 1.0292416e-13
1.4210104e-07 1.0301199e-13
1.4218074e-07 1.0309982e-13
1.4226044e-07 1.0318759e-13
1.4234013e-07 1.0327523e-13
1.4241983e-07 1.0336269e-13
1.4249953e-07 1.0344994e-13
1.4257923e-07 1.0353695e-13
1.4265892e-07 1.0362370e-13
1.4273862e-07 1.0371019e-13
1.4281832e-07 1.0379646e-13
1.4289802e-07 1.0388252e-13
1.4297771e-07 1.0396843e-13
1.4305741e-07 1.0405424e-13
1.4313711e-07 1.0414002e-13
1.4321681e-07 1.0422583e-13
1.4329651e-07 1.0431173e-13
1.4337620e-07 1.0439779e-13
1.4345590e-07 1.0448406e-13
1.4353560e-07 1.0457059e-13
1.4361530e-07 1.0465741e-13
1.4369499e-07 1.0474453e-13
1.4377469e-07 1.0483195e-13
1.4385439e-07 1.0491966e-13
1.4393409e-07 1.0500763e-13
1.4401379e-07 1.0509581e-13
1.4409348e-07 1.0518416e-13
1.4417318e-07 1.0527261e-13
1.4425288e-07 1.0536109e-13
1.4433258e-07 1.0544954e-13
1.4441227e-07 1.0553789e-13
1.4449197e-07 1.0562610e-13
1.4457167e-07 1.0571410e-13
1.4465137e-07 1.0580188e-13
1.4473106e-07 1.0588940e-13
1.4481076e-07 1.0597666e-13
1.4489046e-07 1.0606368e-13
1.4497016e-07 1.0615048e-13
1.4504986e-07 1.0623710e-13
1.4512955e-07 1.0632359e-13
1.4520925e-07 1.0641001e-13
1.4528895e-07 1.0649643e-13
1.4536865e-07 1.0658291e-13
1.4544834e-07 1.0666952e-13
1.4552804e-07 1.0675632e-13
1.4560774e-07 1.0684335e-13
1.4568744e-07 1.0693065e-13
1.4576714e-07 1.0701825e-13
1.4584683e-07 1.0710616e-13
1.4592653e-07 1.0719437e-13
1.4600623e-07 1.0728285e-13
1.4608593e-07 1.0737157e-13
1.4616562e-07 1.0746049e-13
1.4624532e-07 1.0754953e-13
1.4632502e-07 1.0763865e-13
1.4640472e-07 1.0772776e-13
1.4648441e-07 1.0781681e-13
1.4656411e-07 1.0790574e-13
1.4664381e-07 1.0799449e-13
1.4672351e-07 1.0808303e-13
1.4680321e-07 1.0817132e-13
1.4688290e-07 1.0825935e-13
1.4696260e-07 1.0834712e-13
1.4704230e-07 1.0843466e-13
1.4712200e-07 1.0852200e-13
1.4720169e-07 1.0860918e-13
1.4728139e-07 1.0869626e-13
1.4736109e-07 1.0878330e-13
1.4744079e-07 1.0887037e-13
1.4752049e-07 1.0895754e-13
1.4760018e-07 1.0904486e-13
1.4767988e-07 1.0913240e-13
1.4775958e-07 1.0922019e-13
1.4783928e-07 1.0930828e-13
1.4791897e-07 1.0939666e-13
1.4799867e-07 1.0948535e-13
1.4807837e-07 1.0957434e-13
1.4815807e-07 1.0966358e-13
1.4823776e-07 1.0975304e-13
1.4831746e-07 1.0984266e-13
1.4839716e-07 1.0993239e-13
1.4847686e-07 1.1002215e-13
1.4855656e-07 1.1011188e-13
1.4863625e-07 1.1020152e-13
1.4871595e-07 1.1029100e-13
1.4879565e-07 1.1038028e-13
1.4887535e-07 1.1046933e-13
1.4895504e-07 1.1055812e-13
1.4903474e-07 1.1064666e-13
1.4911444e-07 1.1073494e-13
1.4919414e-07 1.1082301e-13
1.4927383e-07 1.1091089e-13
1.4935353e-07 1.1099864e-13
1.4943323e-07 1.1108631e-13
1.4951293e-07 1.1117399e-13
1.4959263e-07 1.1126172e-13
1.4967232e-07 1.1134958e-13
1.4975202e-07 1.1143763e-13
1.4983172e-07 1.1152592e-13
1.4991142e-07 1.1161448e-13
1.4999111e-07 1.1170334e-13
1.5007081e-07 1.1179251e-13
1.5015051e-07 1.1188198e-13
1.5023021e-07 1.1197172e-13
1.5030991e-07 1.1206171e-13
1.5038960e-07 1.1215189e-13
1.5046930e-07 1.1224221e-13
1.5054900e-07 1.1233260e-13
1.5062870e-07 1.1242298e-13
1.5070839e-07 1.1251331e-13
1.5078809e-07 1.1260351e-13
1.5086779e-07 1.1269353e-13
1.5094749e-07 1.1278333e-13
1.5102718e-07 1.1287288e-13
1.5110688e-07 1.1296218e-13
1.5118658e-07 1.1305121e-13
1.5126628e-07 1.1314001e-13
1.5134598e-07 1.1322859e-13
1.5142567e-07 1.1331702e-13
1.5150537e-07 1.1340535e-13
1.5158507e-07 1.1349364e-13
1.5166477e-07 1.1358195e-13
1.5174446e-07 1.1367036e-13
1.5182416e-07 1.1375893e-13
1.5190386e-07 1.1384771e-13
1.5198356e-07 1.1393675e-13
1.5206326e-07 1.1402608e-13
1.5214295e-07 1.1411572e-13
1.5222265e-07 1.1420566e-13
1.5230235e-07 1.1429590e-13
1.5238205e-07 1.1438640e-13
1.5246174e-07 1.1447712e-13
1.5254144e-07 1.1456800e-13
1.5262114e-07 1.1465899e-13
1.5270084e-07 1.1475002e-13
1.5278053e-07 1.1484102e-13
1.5286023e-07 1.1493192e-13
1.5293993e-07 1.1502266e-13
1.5301963e-07 1.1511321e-13
1.5309933e-07 1.1520351e-13
1.5317902e-07 1.1529356e-13
1.5325872e-07 1.1538335e-13
1.5333842e-07 1.1547288e-13
1.5341812e-07 1.1556219e-13
1.5349781e-07 1.1565131e-13
1.5357751e-07 1.1574029e-13
1.5365721e-07 1.1582921e-13
1.5373691e-07 1.1591811e-13
1.5381661e-07 1.1600708e-13
1.5389630e-07 1.1609618e-13
1.5397600e-07 1.1618546e-13
1.5405570e-07 1.1627498e-13
1.5413540e-07 1.1636478e-13
1.5421509e-07 1.1645487e-13
1.5429479e-07 1.1654529e-13
1.5437449e-07 1.1663600e-13
1.5445419e-07 1.1672700e-13
1.5453388e-07 1.1681824e-13
1.5461358e-07 1.1690967e-13
1.5469328e-07 1.1700125e-13
1.5477298e-07 1.1709289e-13
1.5485268e-07 1.1718454e-13
1.5493237e-07 1.1727612e-13
1.5501207e-07 1.1736757e-13
1.5509177e-07 1.1745885e-13
1.5517147e-07 1.1754990e-13
1.5525116e-07 1.1764070e-13
1.5533086e-07 1.1773124e-13
1.5541056e-07 1.1782152e-13
1.5549026e-07 1.1791155e-13
1.5556996e-07 1.1800137e-13
1.5564965e-07 1.1809103e-13
1.5572935e-07 1.1818058e-13
1.5580905e-07 1.1827009e-13
1.5588875e-07 1.1835963e-13
1.5596844e-07 1.1844926e-13
1.5604814e-07 1.1853905e-13
1.5612784e-07 1.1862906e-13
1.5620754e-07 1.1871932e-13
1.5628723e-07 1.1880988e-13
1.5636693e-07 1.1890075e-13
1.5644663e-07 1.1899193e-13
1.5652633e-07 1.1908340e-13
1.5660603e-07 1.1917515e-13
1.5668572e-07 1.1926712e-13
1.5676542e-07 1.1935925e-13
1.5684512e-07 1.1945149e-13
1.5692482e-07 1.1954377e-13
1.5700451e-07 1.1963601e-13
1.5708421e-07 1.1972816e-13
1.5716391e-07 1.1982016e-13
1.5724361e-07 1.1991195e-13
1.5732330e-07 1.2000350e-13
1.5740300e-07 1.2009479e-13
1.5748270e-07 1.2018580e-13
1.5756240e-07 1.2027657e-13
1.5764210e-07 1.2036710e-13
1.5772179e-07 1.2045744e-13
1.5780149e-07 1.2054764e-13
1.5788119e-07 1.2063777e-13
1.5796089e-07 1.2072789e-13
1.5804058e-07 1.2081807e-13
1.5812028e-07 1.2090838e-13
1.5819998e-07 1.2099888e-13
1.5827968e-07 1.2108961e-13
1.5835938e-07 1.2118063e-13
1.5843907e-07 1.2127195e-13
1.5851877e-07 1.2136358e-13
1.5859847e-07 1.2145553e-13
1.5867817e-07 1.2154776e-13
1.5875786e-07 1.2164024e-13
1.5883756e-07 1.2173291e-13
1.5891726e-07 1.2182573e-13
1.5899696e-07 1.2191862e-13
1.5907665e-07 1.2201151e-13
1.5915635e-07 1.2210433e-13
1.5923605e-07 1.2219703e-13
1.5931575e-07 1.2228955e-13
