C MODE 1
           1     1835-002 1396.000  52598.815306323500 0.000000  1129.4 021120 8
           3     1835-002 1396.000  52599.841218665228 0.000000  1463.8 021121 8
           4     1835-002 1396.000  52600.463734736142 0.000000  1129.4 021122 8
           5     1835-002 1396.000  52600.821476927202 0.000000  1283.5 021122 8
           6     1835-002 1396.000  52603.805864201677 0.000000  1176.8 021125 8
           8     1835-002 1396.000  52606.798013248343 0.000000  1540.2 021128 8
           9     1835-002 1396.000  52609.727921383812 0.000000  1129.4 021201 8
          10     1835-002 1396.000  52612.497007585458 0.000000  1129.4 021204 8
          11     1835-002 1396.000  52615.768328843173 0.000000  1324.2 021207 8
          12     1835-002 1396.000  52616.777286335200 0.000000  2699.8 021208 8
          13     1835-002 1396.000  52624.570547165473 0.000000  1129.4 021216 8
          14     1835-002 1396.000  52628.509728440717 0.000000  1149.3 021220 8
          15     1835-002 1396.000  52642.541359805873 0.000000  1129.4 030103 8
          16     1835-002 1396.000  52659.556234105978 0.000000  1129.4 030120 8
          17     1835-002 1396.000  52680.593362226187 0.000000  1129.4 030210 8
          18     1835-002 1396.000  52696.317482631508 0.000000  1371.8 030226 8
          20     1835-002 1396.000  52732.479566043010 0.000000  1732.0 030403 8
          22     1835-002 1396.000  52790.190470511217 0.000000  1129.4 030531 8
          23     1835-002 1396.000  52801.254196518967 0.000000  1421.2 030611 8
          24     1835-002 1396.000  52809.857492145762 0.000000  1129.4 030619 8
          25     1835-002 1396.000  52821.856327151050 0.000000  1337.2 030701 8
          26     1835-002 1396.000  52856.806278540345 0.000000  1388.6 030805 8
          27     1835-002 1396.000  52871.033687215844 0.000000  1473.1 030820 8
          29     1835-002 1396.000  52905.888776809312 0.000000  1129.4 030923 8
          30     1835-002 1396.000  52909.944100869616 0.000000  1233.3 030927 8
          31     1835-002 1396.000  52920.902783696278 0.000000  1129.4 031008 8
          32     1835-002 1396.000  52926.910385526011 0.000000  1133.4 031014 8
          34     1835-002 1396.000  52972.818339371297 0.000000  2208.1 031129 8
          36     1835-002 1396.000  52986.343371441995 0.000000  1129.4 031213 8
          37     1835-002 1396.000  53005.581159545771 0.000000  1129.4 040101 8
          38     1835-002 1396.000  53014.674865439258 0.000000  1129.4 040110 8
          39     1835-002 1396.000  53059.563614860876 0.000000  1349.1 040224 8
          40     1835-002 1396.000  53065.510638727988 0.000000  1129.4 040301 8
          42     1835-002 1396.000  53101.104206372103 0.000000  1129.4 040406 8
          43     1835-002 1396.000  53116.165284049523 0.000000  1133.6 040421 8
          44     1835-002 1396.000  53154.249405014103 0.000000  1129.4 040529 8
          45     1835-002 1396.000  53161.254228081627 0.000000  1129.4 040605 8
          48     1835-002 1396.000  53212.091220437331 0.000000  1129.4 040726 8
          49     1835-002 1396.000  53226.051536653271 0.000000  1456.4 040809 8
          50     1835-002 1396.000  53232.091916495840 0.000000  1129.4 040815 8
          51     1835-002 1396.000  53240.068568605850 0.000000  1798.0 040823 8
          52     1835-002 1396.000  53250.062874924166 0.000000  1402.3 040902 8
          54     1835-002 1396.000  53294.520226314897 0.000000  1423.6 041016 8
          56     1835-002 1396.000  53409.591033340286 0.000000  1129.4 050208 8
          57     1835-002 1396.000  53414.339009962976 0.000000  1129.4 050213 8
          58     1835-002 1396.000  53428.493951403303 0.000000  1354.5 050227 8
          59     1835-002 1396.000  53445.320859557454 0.000000  1129.4 050316 8
          60     1835-002 1396.000  53461.299992025371 0.000000  1185.2 050401 8
