C MODE 1
 f030803_042644.FT   0  0 1374.000  52854.1893798623850    0.00  197.85        7
 f030815_063524.FT   0  0 1374.000  52866.2773328174781    0.00  458.27        7
 f030902_020808.FT   0  0 1374.000  52884.0917316637330    0.00  511.54        7
 f030911_033732.FT   0  0 1374.000  52893.1538149086805    0.00  178.61        7
 f031001_015741.FT   0  0 1374.000  52913.0844735250667    0.00  219.02        7
 f031011_010433.FT   0  0 1374.000  52923.0475766848635    0.00  269.94        7
 f031208_211630.FT   0  0 1518.000  52981.8892322774604    0.00  314.41        7
 f031213_191233.FT   0  0 1518.000  52986.8031548485984    0.00  241.91        7
 f031214_205754.FT   0  0 1518.000  52987.8763149178249    0.00  333.99        7
 f040130_182838.FT   0  0 1517.999  53034.7726576098451    0.00  114.68        7
 f040221_130805.FT   0  0 1517.999  53056.5500540928747    0.00  270.27        7
PHASE -1
PHASE -1
 f040314_140611.FT   0  0 1517.999  53078.5904009761405    0.00  229.09        7
 f040406_133352.FT   0  0 1517.999  53101.5679578383537    0.00  375.54        7
 f040408_064616.FT   0  0 1517.999  53103.2849036802619    0.00  271.23        7
 f040411_115908.FT   0  0 1518.000  53106.5021719238003    0.00  234.45        7
 f040411_162337.FT   0  0 1518.000  53106.6858400105642    0.00  157.92        7
 f040523_083510.FT   0  0 1517.999  53148.3605274856205    0.00  315.62        7
 f040523_110118.FT   0  0 1517.999  53148.4620095766898    0.00  426.24        7
 f040526_100245.FT   0  0 1517.999  53151.4213492858113    0.00  459.27        7
 f040526_104150.FT   0  0 1517.999  53151.4484901701498    0.00  269.65        7
 f040627_080227.FT   0  0 1517.999  53183.3378075142014    0.00  272.63        7
 f040629_072827.FT   0  0 1517.999  53185.3141976422301    0.00  230.86        7
 f040705_070313.FT   0  0 1517.999  53191.2966730868488    0.00  261.79        7
 f040806_041749.FT   0  0 1518.000  53223.1818131905301    0.00  406.70        7
 f040822_030820.FT   0  0 1518.000  53239.1335601194915    0.00  237.08        7
 f040929_011914.FT   0  0 1374.000  53277.0577735664485    0.00  350.11        7
 f041002_212603.FT   0  0 1374.000  53280.8958406707707    0.00  202.22        7
 f041028_020446.FT   0  0 1374.000  53306.0893938797520    0.00  254.72        7
 f041029_224507.FT   0  0 1374.000  53307.9507468075890    0.00  512.73        7
 f041215_214359.FT   0  0 1374.000  53354.9082938360510    0.00  275.04        7
 f050201_183413.FT   0  0 1374.000  53402.7765116441700    0.00  280.67        7
