C MODE 1
 f030227_145820.FT   0  0 1374.000  52697.6307165551146    0.00  338.98        7
 f030613_105300.FT   0  0 1374.000  52803.4586267002974    0.00  332.08        7
 f030702_063018.FT   0  0 1374.000  52822.2761963688744    0.00  197.92        7
 f030704_061035.FT   0  0 1374.000  52824.2625047103588    0.00  426.50        7
 f030707_061424.FT   0  0 1374.000  52827.2651569357170    0.00  472.43        7
 f030730_065311.FT   0  0 1374.000  52850.2920878509800    0.00  277.46        7
 f030815_052622.FT   0  0 1374.000  52866.2318001423792    0.00  354.13        7
 f030902_022239.FT   0  0 1374.000  52884.1042194217734    0.00  403.13        7
 f031011_011908.FT   0  0 1374.000  52923.0601099635092    0.00  382.62        7
 f031014_020034.FT   0  0 1374.000  52926.0888826644436    0.00  199.27        7
 f031014_231639.FT   0  0 1374.000  52926.9750521380143    0.00  244.81        7
 f040130_183741.FT   0  0 1517.999  53034.7813703990825    0.00  334.83        7
 f040221_131654.FT   0  0 1517.999  53056.5586020914405    0.00  130.39        7
 f040314_141502.FT   0  0 1517.999  53078.5989737069924    0.00  410.58        7
 f040406_140555.FT   0  0 1517.999  53101.5926410097823    0.00  538.62        7
 f040408_065520.FT   0  0 1517.999  53103.2936255129591    0.00  376.53        7
 f040411_120800.FT   0  0 1518.000  53106.5107567703852    0.00  160.11        7
 f040627_081117.FT   0  0 1517.999  53183.3463697109968    0.00  520.60        7
 f040629_073717.FT   0  0 1517.999  53185.3227575153103    0.00  213.75        7
 f040808_080837.FT   0  0 1518.000  53225.3445166075477    0.00  202.32        7
 f040822_031716.FT   0  0 1518.000  53239.1421918217456    0.00  263.96        7
 f040825_063121.FT   0  0 1518.000  53242.2769695535656    0.00  327.82        7
 f040825_072604.FT   0  0 1518.000  53242.3149691418914    0.00  253.79        7
 f040929_012804.FT   0  0 1374.000  53277.0663135928029    0.00  135.81        7
 f041002_211205.FT   0  0 1374.000  53280.8851096540658    0.00  270.12        7
 f041002_213453.FT   0  0 1374.000  53280.9009432948052    0.00  206.04        7
 f041002_214045.FT   0  0 1374.000  53280.9050157993092    0.00  329.40        7
 f041002_214606.FT   0  0 1374.000  53280.9087313704472    0.00  268.88        7
 f041002_215128.FT   0  0 1374.000  53280.9124586643194    0.00  177.21        7
 f041002_225848.FT   0  0 1374.000  53280.9592194247654    0.00  390.61        7
 f041002_235053.FT   0  0 1374.000  53280.9953863533178    0.00  220.18        7
 f041005_013544.FT   0  0 1374.000  53283.0682002972944    0.00  303.56        7
 f041006_004531.FT   0  0 1374.000  53284.0333281744488    0.00  274.66        7
 f041007_202118.FT   0  0 1374.000  53285.8498441585704    0.00  443.76        7
 f041007_213316.FT   0  0 1374.000  53285.8998199932193    0.00  246.70        7
 f041007_214718.FT   0  0 1374.000  53285.9095652871083    0.00  215.47        7
 f041101_230223.FT   0  0 1374.000  53310.9613637986299    0.00  257.12        7
 f041102_234356.FT   0  0 1374.000  53311.9905597500191    0.00  260.67        7
 f041103_235040.FT   0  0 1374.000  53312.9952355518195    0.00  256.15        7
 f041108_234504.FT   0  0 1374.000  53317.9913491894984    0.00  424.50        7
 f041113_012158.FT   0  0 1374.000  53322.0586389040908    0.00  325.45        7
 f041206_210814.FT   0  0 1374.000  53345.8824362165522    0.00  313.71        7
 f041206_215236.FT   0  0 1374.000  53345.9166820338969    0.00  224.38        7
 f041210_193949.FT   0  0 1374.000  53349.8210357134698    0.00  344.14        7
 f041214_213721.FT   0  0 1374.000  53353.9026559009163    0.00  337.32        7
 f041215_215254.FT   0  0 1374.000  53354.9168926277917    0.00  318.99        7
 f041216_212835.FT   0  0 1374.000  53355.8965673030353    0.00  334.12        7
 f041224_205850.FT   0  0 1374.000  53363.8759073698665    0.00  316.26        7
 f050129_183913.FT   0  0 1374.000  53399.7823885289557    0.00  154.49        7
 f050130_184150.FT   0  0 1374.000  53400.7842063823214    0.00  245.61        7
 f050131_184257.FT   0  0 1374.000  53401.7849830358408    0.00  255.29        7
 f050224_133438.FT   0  0 1374.000  53425.5708734791053    0.00  200.49        7
 f050419_162525.FT   0  0 1374.000  53479.6860351233699    0.00  259.76        7
