C MODE 1
 f030706_073109.FT   0  0 1345.126  52826.3143289630763    0.00  836.92        7
 f030706_073802.FT   0  0 1345.126  52826.3190732087271    0.00 1398.88        7
 f030707_005159.FT   0  0 1374.000  52827.0395687349428    0.00  507.00        7
 f030707_060245.FT   0  0 1374.000  52827.2553861759051    0.00 1214.13        7
 f030802_034036.FT   0  0 1374.000  52853.1542538966383    0.00 2415.23        7
 f030808_002807.FT   0  0 1374.000  52859.0205923142766    0.00 3319.35        7
 f030809_023316.FT   0  0 1374.000  52860.1081765273898    0.00 1501.96        7
 f030809_033305.FT   0  0 1374.000  52860.1497106348421    0.00 1496.38        7
 f030813_041408.FT   0  0 1374.000  52864.1782437057106    0.00 1338.70        7
 f030911_033115.FT   0  0 1374.000  52893.1477198496705    0.00 1046.62        7
 f031001_013725.FT   0  0 1374.000  52913.0687103140146    0.00 3531.76        7
 f031011_231846.FT   0  0 1374.000  52923.9730595450861    0.00 5445.73        7
 f031014_013836.FT   0  0 1374.000  52926.0701735458631    0.00 1273.92        7
 f040130_182219.FT   0  0 1517.999  53034.7664354304329    0.00 1824.37        7
 f040220_175047.FT   0  0 1517.999  53055.7445920044500    0.00 1219.90        7
 f040221_154324.FT   0  0 1517.999  53056.6561304194173    0.00  918.41        7
 f040308_073137.FT   0  0 1517.999  53072.3240404292450    0.00  447.32        7
 f040406_135914.FT   0  0 1517.999  53101.5837608383933    0.00  647.86        7
 f040408_064005.FT   0  0 1517.999  53103.2788992336855    0.00 1085.06        7
 f040521_101821.FT   0  0 1517.999  53146.4303476134660    0.00 1319.05        7
 f040526_103537.FT   0  0 1517.999  53151.4423419205443    0.00 5993.48        7
 f040528_100439.FT   0  0 1390.000  53153.4212025852035    0.00 4774.37        7
 f040602_043047.FT   0  0 1389.999  53158.1934972320379    0.00 6443.93        7
 f040602_051649.FT   0  0 1390.000  53158.2258114870745    0.00 3681.71        7
 f040627_075614.FT   0  0 1517.999  53183.3317283048960    0.00 5060.73        7
 f040629_072216.FT   0  0 1517.999  53185.3081899654443    0.00 1853.33        7
 f040806_041140.FT   0  0 1518.000  53223.1758268441816    0.00 1061.77        7
 f040822_030207.FT   0  0 1518.000  53239.1274698054875    0.00 2121.56        7
 f040826_221933.FT   0  0 1518.000  53243.9319592743613    0.00 1135.25        7
 f040826_230658.FT   0  0 1518.000  53243.9666006073677    0.00  898.77        7
 f041002_211954.FT   0  0 1374.000  53280.8897923174989    0.00 2605.95        7
 f041007_195013.FT   0  0 1374.000  53285.8368214465573    0.00 1297.21        7
 f041002_211954.FT   0  0 1374.000  53280.8897923174989    0.00 2605.93        7
 f041007_195013.FT   0  0 1374.000  53285.8368214465573    0.00 1297.21        7
 f041028_012811.FT   0  0 1374.000  53306.0622650344292    0.00 1210.57        7
 f041028_013135.FT   0  0 1374.000  53306.0739011017901    0.00  591.41        7
 f041029_221157.FT   0  0 1374.000  53307.9353137770900    0.00  600.32        7
 f041102_230416.FT   0  0 1374.000  53311.9618319973471    0.00 1992.32        7
 f041102_231146.FT   0  0 1374.000  53311.9767798292591    0.00  866.71        7
