C MODE 1
EFAC 1.10
 f030513_092212.FT   0  0 1374.000  52772.3923823760398    0.00 3412.65        7
 f030815_051053.FT   0  0 1374.000  52866.2179123957590    0.00 5275.75        7
 f030902_015446.FT   0  0 1374.000  52884.0817782588315    0.00 6327.61        7
 f031001_013026.FT   0  0 1374.000  52913.0648513043992    0.00 4365.96        7
 f031214_205051.FT   0  0 1518.000  52987.8706587015320    0.00 3133.78        7
 f031215_200927.FT   0  0 1657.000  52988.8419194293019    0.00 2927.84        7
 f040130_181524.FT   0  0 1517.999  53034.7627891489575    0.00 5467.03        7
 f040406_135221.FT   0  0 1517.999  53101.5801104763837    0.00 4956.30        7
 f040408_063311.FT   0  0 1517.999  53103.2750814996508    0.00 4713.37        7
 f040521_101120.FT   0  0 1517.999  53146.4265670886593    0.00 3612.24        7
 f040526_102840.FT   0  0 1517.999  53151.4386160306855    0.00 3902.18        7
 f040627_074854.FT   0  0 1517.999  53183.3276994769338    0.00 5451.96        7
 f040629_071512.FT   0  0 1517.999  53185.3043128555699    0.00 4866.16        7
 f040822_025500.FT   0  0 1518.000  53239.1236146482151    0.00 4621.53        7
 f041029_220129.FT   0  0 1374.000  53307.9197129971768    0.00 4347.21        7
 f041102_225712.FT   0  0 1374.000  53311.9583912418311    0.00 3781.97        7
 f041210_203733.FT   0  0 1374.000  53349.8614089306936    0.00 3255.97        7
 f041215_213049.FT   0  0 1374.000  53354.8984259537441    0.00 4658.58        7
 f050224_100831.FT   0  0 1374.000  53425.4245688053880    0.00 5558.97        7
 f050223_145751.FT   0  0 1374.000  53424.6255571693341    0.00 3440.13        7
 f050224_132438.FT   0  0 1374.000  53425.5608552790165    0.00 5026.17        7
