FORMAT 1
 w040206_070831.FT 1341.00000000 52649.73047000001772844 1.30000 7 
 w040206_070831.FT 1341.00000000 52651.70311999196722041 2.93000 7 
 w040206_070831.FT 1341.00000000 52741.44531001985335195 5.27000 7 
 w040206_070831.FT 1341.00000000 52744.48438002691478843 4.29000 7 
 w040206_070831.FT 1341.00000000 52840.21094001889913017 0.77000 7 
 w040206_070831.FT 1341.00000000 52840.26171998856614209 2.48000 7 
 w040206_070831.FT 1341.00000000 52844.17968996853711516 1.43000 7 
 w040206_070831.FT 1341.00000000 52847.09374998549472124 0.79000 7 
 w040206_070831.FT 1341.00000000 52891.97655996816039092 2.60000 7 
 w040206_070831.FT 1341.00000000 52904.01953001455380488 2.31000 7 
 w040206_070831.FT 1341.00000000 52904.05078002589196373 1.62000 7 
 w040206_070831.FT 1341.00000000 52904.09375001445819819 1.82000 7 
 w040206_070831.FT 1341.00000000 52904.91796999844694227 2.20000 7 
 w040206_070831.FT 1341.00000000 52918.88672002185784393 1.13000 7 
 w040206_070831.FT 1341.00000000 52918.91015998034767520 4.01000 7 
 w040206_070831.FT 1341.00000000 52919.91406003096365751 2.28000 7 
 w040206_070831.FT 1341.00000000 52919.95312001871367613 2.86000 7 
 w040206_070831.FT 1341.00000000 52931.87891001620815956 0.92000 7 
 w040206_070831.FT 1341.00000000 52931.91406000234207241 1.11000 7 
 w040206_070831.FT 1341.00000000 52937.00391003166063797 1.30000 7 
 w040206_070831.FT 1341.00000000 52937.03905998332905014 2.50000 7 
 w040206_070831.FT 1341.00000000 52938.84375001786810699 3.27000 7 
 w040206_070831.FT 1341.00000000 52978.74609000028494421 0.83000 7 
 w040206_070831.FT 1341.00000000 52978.76952999961685009 2.60000 7 
 w040206_070831.FT 1341.00000000 53036.57812001333223506 1.71000 7 
 w040206_070831.FT 1341.00000000 53047.67188001057040836 2.65000 7 
 w040206_070831.FT 1341.00000000 53070.56250001814412087 4.74000 7 
 w040206_070831.FT 1341.00000000 53082.51561999705018380 2.82000 7 
 w040206_070831.FT 1341.00000000 53086.51171999182402317 2.14000 7 
 w040206_070831.FT 1341.00000000 53086.54688001742800907 3.10000 7 
 w040206_070831.FT 1341.00000000 53087.56250000565131941 1.47000 7 
 w040206_070831.FT 1341.00000000 53109.55859000962022876 2.52000 7 
 w040206_070831.FT 1341.00000000 53139.36328001130622667 3.39000 7 
 w040206_070831.FT 1341.00000000 53139.40625002500075169 4.12000 7 
 w040206_070831.FT 1341.00000000 53161.22655999175125530 1.26000 7 
 w040206_070831.FT 1341.00000000 53161.25391000582564516 4.34000 7 
 w040206_070831.FT 1341.00000000 53168.25390996856317471 4.01000 7 
 w040206_070831.FT 1341.00000000 53168.34374999415846119 3.57000 7 
 w040206_070831.FT 1341.00000000 53176.30469001171773158 2.99000 7 
 w040206_070831.FT 1341.00000000 53177.30077998153406327 1.45000 7 
 w040206_070831.FT 1341.00000000 53177.33984003180867717 2.11000 7 
 w040206_070831.FT 1341.00000000 53181.29296997549440107 3.99000 7 
 w040206_070831.FT 1341.00000000 53201.24999999862953715 5.45000 7 
 w040206_070831.FT 1341.00000000 53202.20311998443840906 2.73000 7 
 w040206_070831.FT 1341.00000000 53202.25000000016924062 2.67000 7 
 w040206_070831.FT 1341.00000000 53210.09766002744322932 2.71000 7 
 w040206_070831.FT 1341.00000000 53219.17188002540132175 1.66000 7 
 w040206_070831.FT 1341.00000000 53219.22656001391910507 1.50000 7 
 w040206_070831.FT 1341.00000000 53219.25781002613172177 1.96000 7 
 w040206_070831.FT 1341.00000000 53227.03905997612935863 3.24000 7 
 w040206_070831.FT 1341.00000000 53232.07811997412037286 1.17000 7 
 w040206_070831.FT 1341.00000000 53232.12500002079277905 1.52000 7 
 w040206_070831.FT 1341.00000000 53260.09766002466060897 0.90000 7 
 w040206_070831.FT 1341.00000000 53260.94141000211496717 4.29000 7 
 w040206_070831.FT 1341.00000000 53271.91796997088523824 1.73000 7 
 w040206_070831.FT 1341.00000000 53275.00390998405631393 1.58000 7 
 w040206_070831.FT 1341.00000000 53275.05077999978596992 1.82000 7 
 w040206_070831.FT 1341.00000000 53300.86328001631489926 1.13000 7 
 w040206_070831.FT 1341.00000000 53315.92188003323424539 4.04000 7 
 w040206_070831.FT 1341.00000000 53340.76561999176248463 1.35000 7 
 w040206_070831.FT 1341.00000000 53358.72655997116351756 1.96000 7 
 w040206_070831.FT 1341.00000000 53358.79297000961172870 3.42000 7 
 w040206_070831.FT 1341.00000000 53359.83983997570984315 4.01000 7 
 w040206_070831.FT 1341.00000000 53374.72265998287234368 1.18000 7 
 w040206_070831.FT 1341.00000000 53377.72266002546509256 5.12000 7 
 w040206_070831.FT 1341.00000000 53418.53125000936593381 2.82000 7 
 w040206_070831.FT 1341.00000000 53468.49609002522906565 1.69000 7 
 w040206_070831.FT 1341.00000000 53481.46874998350950037 2.11000 7 
 w040206_070831.FT 1341.00000000 53485.33983999569823453 1.73000 7 
 w040206_070831.FT 1341.00000000 53500.44531000974345147 1.07000 7 
 w040206_070831.FT 1341.00000000 53516.35938000884139853 3.46000 7 
 w040206_070831.FT 1341.00000000 53518.24608998333921406 1.66000 7 
 w040206_070831.FT 1341.00000000 53548.32421996950345999 3.01000 7 
 w040206_070831.FT 1341.00000000 53567.31249999190611888 1.94000 7 
 w040206_070831.FT 1341.00000000 53687.85937998971423823 3.99000 7 
 w040206_070831.FT 1341.00000000 53703.78516003252953581 5.12000 7 
 w040206_070831.FT 1341.00000000 53723.76953000852040532 2.31000 7 
 w040206_070831.FT 1341.00000000 53727.83593997776767992 0.88000 7 
 w040206_070831.FT 1341.00000000 53737.65624996826472071 4.12000 7 
 w040206_070831.FT 1341.00000000 53739.69140999870193909 3.74000 7 
 w040206_070831.FT 1341.00000000 53774.64453001982460734 1.84000 7 
 w040206_070831.FT 1341.00000000 53777.57811998090495820 3.78000 7 
 w040206_070831.FT 1341.00000000 53778.53905998546601452 1.97000 7 
 w040206_070831.FT 1341.00000000 53796.58594003289106311 0.98000 7 
 w040206_070831.FT 1341.00000000 53799.55078001106589980 4.29000 7 
 w040206_070831.FT 1341.00000000 53816.43750000352676466 4.68000 7 
 w040206_070831.FT 1341.00000000 53832.42577996822406305 1.58000 7 
 w040206_070831.FT 1341.00000000 53832.47266000650023798 1.82000 7 
 w040206_070831.FT 1341.00000000 53846.46094000572538363 1.84000 7 
 w040206_070831.FT 1341.00000000 53848.37500003202247711 4.46000 7 
 w040206_070831.FT 1341.00000000 53882.26953000604307675 3.99000 7 
 w040206_070831.FT 1341.00000000 53883.30078000338122379 2.24000 7 
 w040206_070831.FT 1341.00000000 53902.22265997923926406 1.88000 7 
 w040206_070831.FT 1341.00000000 53902.26172002844103304 2.86000 7 
 w040206_070831.FT 1341.00000000 53917.16405997247985127 2.13000 7 
 w040206_070831.FT 1341.00000000 53917.19921998607660640 5.02000 7 
 w040206_070831.FT 1341.00000000 53919.22265999581840035 3.46000 7 
 w040206_070831.FT 1341.00000000 53932.12891001663663459 5.17000 7 
 w040206_070831.FT 1341.00000000 53955.11719000683917358 4.25000 7 
 w040206_070831.FT 1341.00000000 53956.14061998601741976 0.81000 7 
 w040206_070831.FT 1341.00000000 53958.14843997413040100 0.83000 7 
 w040206_070831.FT 1341.00000000 53958.19141001899467369 1.03000 7 
 w040206_070831.FT 1341.00000000 53971.15624998552496905 2.67000 7 
 w040206_070831.FT 1341.00000000 53972.01952999049577642 4.80000 7 
 w040206_070831.FT 1341.00000000 53976.00391002956531494 4.31000 7 
 w040206_070831.FT 1341.00000000 53992.96874999462883338 3.74000 7 
 w040206_070831.FT 1341.00000000 53995.02343999350813775 0.47000 7 
 w040206_070831.FT 1341.00000000 53995.05468997942213960 1.03000 7 
 w040206_070831.FT 1341.00000000 54027.95311998927099140 2.52000 7 
 w040206_070831.FT 1341.00000000 54042.95311997902833312 2.65000 7 
 w040206_070831.FT 1341.00000000 54086.80078001200728721 2.52000 7 
 w040206_070831.FT 1341.00000000 54086.85155997817197360 2.31000 7 
 w040206_070831.FT 1341.00000000 54100.74999997736441415 2.73000 7 
 w040206_070831.FT 1341.00000000 54102.68358998565540219 1.71000 7 
 w040206_070831.FT 1341.00000000 54121.67577996687450081 3.71000 7 
 w040206_070831.FT 1341.00000000 54136.64062001634285437 4.74000 7 
 w040206_070831.FT 1341.00000000 54185.53906000551721789 0.87000 7 
 w040206_070831.FT 1341.00000000 54207.46484000369282086 4.93000 7 
 w040206_070831.FT 1341.00000000 54221.38280997008275008 5.32000 7 
 w040206_070831.FT 1341.00000000 54239.34375001082507950 1.58000 7 
 w040206_070831.FT 1341.00000000 54255.35546997889560217 3.84000 7 
 w040206_070831.FT 1341.00000000 54277.25000000174554771 2.60000 7 
 w040206_070831.FT 1341.00000000 54293.14844002099281184 0.64000 7 
 w040206_070831.FT 1341.00000000 54324.04297002659534144 2.11000 7 
 w040206_070831.FT 1341.00000000 54412.89844001725722222 1.62000 7 
 w040206_070831.FT 1341.00000000 54505.96483998253535574 1.50000 7 
 w040206_070831.FT 1341.00000000 54520.60155999868122478 1.92000 7 
 w040206_070831.FT 1341.00000000 54520.69922002762828228 2.48000 7 
 w040206_070831.FT 1341.00000000 54528.49999997168301391 4.46000 7 
 w040206_070831.FT 1341.00000000 54528.49999997160189125 4.46000 7 
 w040206_070831.FT 1405.00000000 52649.73046999373285715 1.56000 7 
 w040206_070831.FT 1405.00000000 52651.70311998567974499 3.48000 7 
 w040206_070831.FT 1405.00000000 52840.20702997961592118 0.94000 7 
 w040206_070831.FT 1405.00000000 52840.25781000894274442 2.73000 7 
 w040206_070831.FT 1405.00000000 52844.17968996224453093 1.17000 7 
 w040206_070831.FT 1405.00000000 52847.09374997918751404 0.81000 7 
 w040206_070831.FT 1405.00000000 52904.01953000827161233 2.52000 7 
 w040206_070831.FT 1405.00000000 52904.05078001964165324 1.66000 7 
 w040206_070831.FT 1405.00000000 52904.09375000816077872 1.82000 7 
 w040206_070831.FT 1405.00000000 52904.91796999212308705 1.90000 7 
 w040206_070831.FT 1405.00000000 52918.88672001557572244 1.18000 7 
 w040206_070831.FT 1405.00000000 52918.91015997398486093 3.97000 7 
 w040206_070831.FT 1405.00000000 52919.91406002465270220 3.57000 7 
 w040206_070831.FT 1405.00000000 52919.95312001231235755 5.40000 7 
 w040206_070831.FT 1405.00000000 52931.87891000995011126 0.66000 7 
 w040206_070831.FT 1405.00000000 52931.91405999607291122 0.83000 7 
 w040206_070831.FT 1405.00000000 52936.97266000271947561 2.07000 7 
 w040206_070831.FT 1405.00000000 52937.02733999493664996 2.45000 7 
 w040206_070831.FT 1405.00000000 52938.84375001160974961 3.24000 7 
 w040206_070831.FT 1405.00000000 52978.74608999397682751 0.83000 7 
 w040206_070831.FT 1405.00000000 52978.76952999333123628 2.99000 7 
 w040206_070831.FT 1405.00000000 53036.57812000704602795 2.05000 7 
 w040206_070831.FT 1405.00000000 53042.58593999988618606 3.44000 7 
 w040206_070831.FT 1405.00000000 53047.67188000427670858 3.27000 7 
 w040206_070831.FT 1405.00000000 53070.56250001181675557 5.15000 7 
 w040206_070831.FT 1405.00000000 53082.51561999083953580 2.93000 7 
 w040206_070831.FT 1405.00000000 53086.50391000259026342 2.92000 7 
 w040206_070831.FT 1405.00000000 53087.56249999932535388 1.60000 7 
 w040206_070831.FT 1405.00000000 53107.47656000316638725 5.17000 7 
 w040206_070831.FT 1405.00000000 53109.55859000333439468 4.97000 7 
 w040206_070831.FT 1405.00000000 53143.46094002214780971 5.34000 7 
 w040206_070831.FT 1405.00000000 53161.22655998547381628 1.09000 7 
 w040206_070831.FT 1405.00000000 53161.25390999956588800 3.42000 7 
 w040206_070831.FT 1405.00000000 53168.25390996233751650 3.01000 7 
 w040206_070831.FT 1405.00000000 53168.34374998783265909 4.38000 7 
 w040206_070831.FT 1405.00000000 53176.30469000544544400 3.86000 7 
 w040206_070831.FT 1405.00000000 53177.30077997523623878 1.43000 7 
 w040206_070831.FT 1405.00000000 53177.33984002551528292 2.09000 7 
 w040206_070831.FT 1405.00000000 53181.19141001290518389 4.66000 7 
 w040206_070831.FT 1405.00000000 53181.29296996923758556 4.29000 7 
 w040206_070831.FT 1405.00000000 53201.24999999234756132 4.70000 7 
 w040206_070831.FT 1405.00000000 53202.20311997817196925 1.81000 7 
 w040206_070831.FT 1405.00000000 53202.24999999384156268 2.13000 7 
 w040206_070831.FT 1405.00000000 53210.09374999982929566 3.01000 7 
 w040206_070831.FT 1405.00000000 53219.17188001916467854 1.54000 7 
 w040206_070831.FT 1405.00000000 53219.22265996381505815 1.64000 7 
 w040206_070831.FT 1405.00000000 53219.25781001980605822 1.64000 7 
 w040206_070831.FT 1405.00000000 53227.03905996989205462 2.63000 7 
 w040206_070831.FT 1405.00000000 53232.07811996783053488 1.77000 7 
 w040206_070831.FT 1405.00000000 53232.12500001448497144 2.28000 7 
 w040206_070831.FT 1405.00000000 53260.09766001836288041 1.20000 7 
 w040206_070831.FT 1405.00000000 53260.94140999574202766 2.56000 7 
 w040206_070831.FT 1405.00000000 53271.91796996460012181 2.39000 7 
 w040206_070831.FT 1405.00000000 53275.00390997782476532 2.82000 7 
 w040206_070831.FT 1405.00000000 53275.05077999352075224 2.75000 7 
 w040206_070831.FT 1405.00000000 53300.86328001003869304 1.18000 7 
 w040206_070831.FT 1405.00000000 53316.94141001712747396 4.95000 7 
 w040206_070831.FT 1405.00000000 53340.76561998546220877 1.28000 7 
 w040206_070831.FT 1405.00000000 53358.72655996487225138 2.13000 7 
 w040206_070831.FT 1405.00000000 53358.79297000332038792 4.23000 7 
 w040206_070831.FT 1405.00000000 53359.83983996944592931 2.99000 7 
 w040206_070831.FT 1405.00000000 53374.72265997659718195 1.20000 7 
 w040206_070831.FT 1405.00000000 53377.68359002354615939 5.47000 7 
 w040206_070831.FT 1405.00000000 53377.73046998495221871 4.63000 7 
 w040206_070831.FT 1405.00000000 53393.69141001989677875 4.51000 7 
 w040206_070831.FT 1405.00000000 53418.53125000306647152 3.44000 7 
 w040206_070831.FT 1405.00000000 53468.49609001894091165 1.71000 7 
 w040206_070831.FT 1405.00000000 53481.46874997722617451 1.77000 7 
 w040206_070831.FT 1405.00000000 53485.33983998942348848 1.09000 7 
 w040206_070831.FT 1405.00000000 53500.44531000345467930 1.11000 7 
 w040206_070831.FT 1405.00000000 53516.35938000255907809 3.71000 7 
 w040206_070831.FT 1405.00000000 53518.24608997705001201 1.73000 7 
 w040206_070831.FT 1405.00000000 53548.32421996322986857 4.36000 7 
 w040206_070831.FT 1405.00000000 53566.19922001770518349 4.06000 7 
 w040206_070831.FT 1405.00000000 53567.31249998560079462 1.97000 7 
 w040206_070831.FT 1405.00000000 53648.01172001455260130 5.23000 7 
 w040206_070831.FT 1405.00000000 53687.85937998343547051 4.01000 7 
 w040206_070831.FT 1405.00000000 53703.78516002616030178 5.10000 7 
 w040206_070831.FT 1405.00000000 53723.76953000227509705 2.48000 7 
 w040206_070831.FT 1405.00000000 53727.83593997149810306 0.85000 7 
 w040206_070831.FT 1405.00000000 53737.65624996197967889 5.06000 7 
 w040206_070831.FT 1405.00000000 53739.69140999240791601 3.65000 7 
 w040206_070831.FT 1405.00000000 53774.64453001349459527 2.41000 7 
 w040206_070831.FT 1405.00000000 53777.57811997452838781 4.74000 7 
 w040206_070831.FT 1405.00000000 53778.53905997922052151 3.03000 7 
 w040206_070831.FT 1405.00000000 53796.58594002661445899 1.13000 7 
 w040206_070831.FT 1405.00000000 53799.55078000471171862 3.99000 7 
 w040206_070831.FT 1405.00000000 53832.42577996196533618 1.35000 7 
 w040206_070831.FT 1405.00000000 53832.47266000017384613 1.45000 7 
 w040206_070831.FT 1405.00000000 53846.46093999943356323 1.60000 7 
 w040206_070831.FT 1405.00000000 53865.33593997006530074 5.00000 7 
 w040206_070831.FT 1405.00000000 53882.26952999972644420 3.54000 7 
 w040206_070831.FT 1405.00000000 53883.30077999712491987 3.39000 7 
 w040206_070831.FT 1405.00000000 53902.22265997295437856 1.69000 7 
 w040206_070831.FT 1405.00000000 53902.26172002212678791 2.35000 7 
 w040206_070831.FT 1405.00000000 53917.16405996614516738 3.01000 7 
 w040206_070831.FT 1405.00000000 53917.19921997983314554 3.93000 7 
 w040206_070831.FT 1405.00000000 53919.22265998948852683 3.01000 7 
 w040206_070831.FT 1405.00000000 53932.12891001040962280 3.72000 7 
 w040206_070831.FT 1405.00000000 53933.30078002301108597 3.99000 7 
 w040206_070831.FT 1405.00000000 53955.11719000051285988 3.31000 7 
 w040206_070831.FT 1405.00000000 53955.17187998616628164 5.53000 7 
 w040206_070831.FT 1405.00000000 53956.14061997970661366 0.73000 7 
 w040206_070831.FT 1405.00000000 53958.14843996785524993 0.96000 7 
 w040206_070831.FT 1405.00000000 53958.18750000099240083 1.09000 7 
 w040206_070831.FT 1405.00000000 53971.15624997920727779 2.48000 7 
 w040206_070831.FT 1405.00000000 53972.01952998420975760 5.12000 7 
 w040206_070831.FT 1405.00000000 53992.96874998839306414 4.83000 7 
 w040206_070831.FT 1405.00000000 53992.99999997838939692 5.40000 7 
 w040206_070831.FT 1405.00000000 53995.02343998723179297 0.53000 7 
 w040206_070831.FT 1405.00000000 53995.05468997314544310 1.26000 7 
 w040206_070831.FT 1405.00000000 54011.98827996354339831 3.59000 7 
 w040206_070831.FT 1405.00000000 54027.94921999443608129 2.43000 7 
 w040206_070831.FT 1405.00000000 54042.95311997260288095 3.10000 7 
 w040206_070831.FT 1405.00000000 54086.80078000568290619 2.18000 7 
 w040206_070831.FT 1405.00000000 54086.85155997187026955 2.01000 7 
 w040206_070831.FT 1405.00000000 54100.74999997110676730 2.56000 7 
 w040206_070831.FT 1405.00000000 54102.68358997942793209 2.67000 7 
 w040206_070831.FT 1405.00000000 54121.67577996058763645 3.27000 7 
 w040206_070831.FT 1405.00000000 54136.64062001025057214 3.37000 7 
 w040206_070831.FT 1405.00000000 54185.53905999923493653 0.71000 7 
 w040206_070831.FT 1405.00000000 54277.24999999545156015 3.72000 7 
 w040206_070831.FT 1405.00000000 54293.14844001470310531 0.79000 7 
 w040206_070831.FT 1405.00000000 54324.04297002030456198 1.90000 7 
 w040206_070831.FT 1405.00000000 54409.83594001127449857 4.87000 7 
 w040206_070831.FT 1405.00000000 54412.89844001089355174 3.39000 7 
 w040206_070831.FT 1405.00000000 54486.64062001087739162 4.66000 7 
 w040206_070831.FT 1405.00000000 54505.96483997626399187 2.20000 7 
 w040206_070831.FT 1405.00000000 54520.60155999240426539 2.18000 7 
 w040206_070831.FT 1405.00000000 54520.69922002134472194 1.99000 7 
 w040206_070831.FT 1405.00000000 54528.49999996534272029 2.39000 7 
 w040206_070831.FT 1405.00000000 54528.49999996531676771 2.39000 7 
